1 08820C 76039A   25001.00000000  .00000000  00000+0  00000+0 0    13
2 08820 109.8539 357.0435 0044106  55.7819 354.7417  6.38664842    11
1 08820C 76039A   25001.00000000  .00000000  00000+0  00000+0 0    13
2 08820 109.8539 357.0436 0044108  55.7849 354.7387  6.38664861    14
1 08820C 76039A   25002.00000000  .00000000  00000+0  00000+0 0    25
2 08820 109.8540 357.3858 0044110  55.5682 133.9359  6.38664824    18
1 08820C 76039A   25002.00000000  .00000000  00000+0  00000+0 0    25
2 08820 109.8540 357.3858 0044110  55.5649 133.9392  6.38664831    16
1 08820C 76039A   25003.00000000  .00000000  00000+0  00000+0 0    37
2 08820 109.8541 357.7281 0044111  55.3472 273.1375  6.38664820    10
1 08820C 76039A   25003.00000000  .00000000  00000+0  00000+0 0    37
2 08820 109.8541 357.7281 0044111  55.3484 273.1363  6.38664838    19
1 08820C 76039A   25004.00000000  .00000000  00000+0  00000+0 0    49
2 08820 109.8541 358.0704 0044115  55.1306  52.3345  6.38664811    16
1 08820C 76039A   25004.00000000  .00000000  00000+0  00000+0 0    49
2 08820 109.8541 358.0704 0044113  55.1294  52.3357  6.38664817    19
1 08820C 76039A   25004.00000000  .00000000  00000+0  00000+0 0    49
2 08820 109.8541 358.0704 0044112  55.1306  52.3345  6.38664842    17
1 08820C 76039A   25005.00000000  .00000000  00000+0  00000+0 0    51
2 08820 109.8542 358.4127 0044117  54.9147 191.5309  6.38664810    17
1 08820C 76039A   25005.00000000  .00000000  00000+0  00000+0 0    51
2 08820 109.8542 358.4127 0044112  54.9120 191.5335  6.38664824    17
1 08820C 76039A   25006.00000000  .00000000  00000+0  00000+0 0    63
2 08820 109.8542 358.7550 0044116  54.6960 330.7300  6.38664796    21
1 08820C 76039A   25006.00000000  .00000000  00000+0  00000+0 0    63
2 08820 109.8542 358.7549 0044120  54.6995 330.7264  6.38664815    12
1 08820C 76039A   25007.00000000  .00000000  00000+0  00000+0 0    75
2 08820 109.8542 359.0972 0044126  54.4873 109.9188  6.38664830    13
1 08820C 76039A   25007.00000000  .00000000  00000+0  00000+0 0    75
2 08820 109.8542 359.0972 0044123  54.4850 109.9212  6.38664836    19
1 08820C 76039A   25007.00000000  .00000000  00000+0  00000+0 0    75
2 08820 109.8542 359.0972 0044126  54.4892 109.9168  6.38664840    13
1 08820C 76039A   25008.00000000  .00000000  00000+0  00000+0 0    87
2 08820 109.8543 359.4395 0044132  54.2755 249.1111  6.38664843    18
1 08820C 76039A   25008.00000000  .00000000  00000+0  00000+0 0    87
2 08820 109.8542 359.4395 0044129  54.2755 249.1110  6.38664847    16
1 08820C 76039A   25008.00000000  .00000000  00000+0  00000+0 0    87
2 08820 109.8542 359.4394 0044129  54.2750 249.1114  6.38664864    13
1 08820C 76039A   25009.00000000  .00000000  00000+0  00000+0 0    99
2 08820 109.8543 359.7818 0044132  54.0617  28.3050  6.38664878    13
1 08820C 76039A   25009.00000000  .00000000  00000+0  00000+0 0    99
2 08820 109.8543 359.7818 0044135  54.0639  28.3029  6.38664881    10
1 08820C 76039A   25009.00000000  .00000000  00000+0  00000+0 0    99
2 08820 109.8543 359.7817 0044132  54.0616  28.3050  6.38664889    13
1 08820C 76039A   25010.00000000  .00000000  00000+0  00000+0 0   103
2 08820 109.8543   0.1240 0044134  53.8485 167.4985  6.38664904    13
1 08820C 76039A   25010.00000000  .00000000  00000+0  00000+0 0   103
2 08820 109.8543   0.1240 0044136  53.8504 167.4967  6.38664915    19
1 08820C 76039A   25010.00000000  .00000000  00000+0  00000+0 0   103
2 08820 109.8543   0.1240 0044132  53.8470 167.4999  6.38664917    14
1 08820C 76039A   25011.00000000  .00000000  00000+0  00000+0 0   115
2 08820 109.8544   0.4663 0044136  53.6340 306.6937  6.38664894    18
1 08820C 76039A   25011.00000000  .00000000  00000+0  00000+0 0   115
2 08820 109.8544   0.4663 0044133  53.6318 306.6958  6.38664927    10
1 08820C 76039A   25011.00000000  .00000000  00000+0  00000+0 0   115
2 08820 109.8544   0.4663 0044133  53.6297 306.6977  6.38664937    18
1 08820C 76039A   25012.00000000  .00000000  00000+0  00000+0 0   127
2 08820 109.8545   0.8086 0044133  53.4148  85.8934  6.38664950    19
1 08820C 76039A   25012.00000000  .00000000  00000+0  00000+0 0   127
2 08820 109.8545   0.8086 0044133  53.4143  85.8938  6.38664954    12
1 08820C 76039A   25012.00000000  .00000000  00000+0  00000+0 0   127
2 08820 109.8545   0.8086 0044135  53.4181  85.8900  6.38664957    18
1 08820C 76039A   25013.00000000  .00000000  00000+0  00000+0 0   139
2 08820 109.8546   1.1509 0044133  53.1982 225.0907  6.38664962    18
1 08820C 76039A   25013.00000000  .00000000  00000+0  00000+0 0   139
2 08820 109.8547   1.1509 0044134  53.1971 225.0917  6.38664969    16
1 08820C 76039A   25013.00000000  .00000000  00000+0  00000+0 0   139
2 08820 109.8546   1.1509 0044133  53.1992 225.0897  6.38664983    10
1 08820C 76039A   25014.00000000  .00000000  00000+0  00000+0 0   141
2 08820 109.8548   1.4932 0044134  52.9801   4.2895  6.38664974    17
1 08820C 76039A   25014.00000000  .00000000  00000+0  00000+0 0   141
2 08820 109.8548   1.4932 0044136  52.9799   4.2898  6.38664976    10
1 08820C 76039A   25014.00000000  .00000000  00000+0  00000+0 0   141
2 08820 109.8548   1.4932 0044133  52.9808   4.2889  6.38664983    16
1 08820C 76039A   25015.00000000  .00000000  00000+0  00000+0 0   153
2 08820 109.8549   1.8355 0044136  52.7659 143.4846  6.38664962    11
1 08820C 76039A   25015.00000000  .00000000  00000+0  00000+0 0   153
2 08820 109.8549   1.8356 0044139  52.7654 143.4850  6.38664983    18
1 08820C 76039A   25015.00000000  .00000000  00000+0  00000+0 0   153
2 08820 109.8549   1.8356 0044138  52.7645 143.4860  6.38664984    19
1 08820C 76039A   25016.00000000  .00000000  00000+0  00000+0 0   165
2 08820 109.8550   2.1779 0044141  52.5500 282.6815  6.38664984    12
1 08820C 76039A   25016.00000000  .00000000  00000+0  00000+0 0   165
2 08820 109.8551   2.1779 0044142  52.5493 282.6821  6.38664986    14
1 08820C 76039A   25016.00000000  .00000000  00000+0  00000+0 0   165
2 08820 109.8550   2.1779 0044138  52.5484 282.6830  6.38665010    17
1 08820C 76039A   25017.00000000  .00000000  00000+0  00000+0 0   177
2 08820 109.8552   2.5203 0044147  52.3341  61.8784  6.38664984    19
1 08820C 76039A   25017.00000000  .00000000  00000+0  00000+0 0   177
2 08820 109.8552   2.5203 0044145  52.3345  61.8779  6.38664990    12
1 08820C 76039A   25017.00000000  .00000000  00000+0  00000+0 0   177
2 08820 109.8552   2.5202 0044142  52.3334  61.8789  6.38665004    14
1 08820C 76039A   25018.00000000  .00000000  00000+0  00000+0 0   189
2 08820 109.8553   2.8626 0044150  52.1191 201.0743  6.38664983    19
1 08820C 76039A   25018.00000000  .00000000  00000+0  00000+0 0   189
2 08820 109.8553   2.8626 0044150  52.1203 201.0730  6.38664986    12
1 08820C 76039A   25018.00000000  .00000000  00000+0  00000+0 0   189
2 08820 109.8553   2.8626 0044150  52.1219 201.0714  6.38664990    16
1 08820C 76039A   25019.00000000  .00000000  00000+0  00000+0 0   191
2 08820 109.8554   3.2050 0044152  51.9006 340.2739  6.38664976    13
1 08820C 76039A   25019.00000000  .00000000  00000+0  00000+0 0   191
2 08820 109.8554   3.2050 0044152  51.9040 340.2705  6.38664980    19
1 08820C 76039A   25019.00000000  .00000000  00000+0  00000+0 0   191
2 08820 109.8554   3.2050 0044153  51.9049 340.2694  6.38665001    22
1 08820C 76039A   25020.00000000  .00000000  00000+0  00000+0 0   205
2 08820 109.8554   3.5473 0044155  51.6834 119.4720  6.38664971    15
1 08820C 76039A   25020.00000000  .00000000  00000+0  00000+0 0   205
2 08820 109.8554   3.5473 0044155  51.6856 119.4698  6.38664977    19
1 08820C 76039A   25020.00000000  .00000000  00000+0  00000+0 0   205
2 08820 109.8555   3.5473 0044155  51.6889 119.4665  6.38665005    13
1 08820C 76039A   25021.00000000  .00000000  00000+0  00000+0 0   217
2 08820 109.8555   3.8897 0044156  51.4646 258.6718  6.38664968    18
1 08820C 76039A   25021.00000000  .00000000  00000+0  00000+0 0   217
2 08820 109.8555   3.8897 0044157  51.4681 258.6684  6.38664968    10
1 08820C 76039A   25021.00000000  .00000000  00000+0  00000+0 0   217
2 08820 109.8555   3.8897 0044155  51.4700 258.6664  6.38664971    12
1 08820C 76039A   25022.00000000  .00000000  00000+0  00000+0 0   229
2 08820 109.8556   4.2320 0044159  51.2444  37.8731  6.38664961    17
1 08820C 76039A   25022.00000000  .00000000  00000+0  00000+0 0   229
2 08820 109.8556   4.2320 0044158  51.2472  37.8703  6.38664964    19
1 08820C 76039A   25022.00000000  .00000000  00000+0  00000+0 0   229
2 08820 109.8556   4.2320 0044157  51.2495  37.8680  6.38664972    16
1 08820C 76039A   25023.00000000  .00000000  00000+0  00000+0 0   231
2 08820 109.8557   4.5743 0044163  51.0275 177.0709  6.38664958    13
1 08820C 76039A   25023.00000000  .00000000  00000+0  00000+0 0   231
2 08820 109.8557   4.5744 0044162  51.0279 177.0705  6.38664961    17
1 08820C 76039A   25023.00000000  .00000000  00000+0  00000+0 0   231
2 08820 109.8557   4.5744 0044159  51.0301 177.0683  6.38664973    17
1 08820C 76039A   25024.00000000  .00000000  00000+0  00000+0 0   243
2 08820 109.8558   4.9167 0044167  50.8093 316.2701  6.38664952    10
1 08820C 76039A   25024.00000000  .00000000  00000+0  00000+0 0   243
2 08820 109.8558   4.9167 0044165  50.8102 316.2692  6.38664953    19
1 08820C 76039A   25024.00000000  .00000000  00000+0  00000+0 0   243
2 08820 109.8558   4.9167 0044163  50.8101 316.2692  6.38664958    22
1 08820C 76039A   25025.00000000  .00000000  00000+0  00000+0 0   255
2 08820 109.8560   5.2590 0044174  50.5936  95.4667  6.38664940    12
1 08820C 76039A   25025.00000000  .00000000  00000+0  00000+0 0   255
2 08820 109.8560   5.2591 0044174  50.5936  95.4667  6.38664940    13
1 08820C 76039A   25025.00000000  .00000000  00000+0  00000+0 0   255
2 08820 109.8560   5.2591 0044170  50.5925  95.4678  6.38664949    18
1 08820C 76039A   25025.00000000  .00000000  00000+0  00000+0 0   255
2 08820 109.8559   5.2590 0044169  50.5938  95.4664  6.38664969    14
1 08820C 76039A   25026.00000000  .00000000  00000+0  00000+0 0   267
2 08820 109.8562   5.6014 0044179  50.3796 234.6617  6.38664929    15
1 08820C 76039A   25026.00000000  .00000000  00000+0  00000+0 0   267
2 08820 109.8561   5.6014 0044178  50.3790 234.6623  6.38664935    11
1 08820C 76039A   25026.00000000  .00000000  00000+0  00000+0 0   267
2 08820 109.8561   5.6014 0044175  50.3790 234.6622  6.38664974    10
1 08820C 76039A   25027.00000000  .00000000  00000+0  00000+0 0   279
2 08820 109.8563   5.9438 0044185  50.1632  13.8591  6.38664912    13
1 08820C 76039A   25027.00000000  .00000000  00000+0  00000+0 0   279
2 08820 109.8563   5.9438 0044183  50.1644  13.8578  6.38664919    16
1 08820C 76039A   25027.00000000  .00000000  00000+0  00000+0 0   279
2 08820 109.8563   5.9438 0044181  50.1629  13.8593  6.38664921    17
1 08820C 76039A   25028.00000000  .00000000  00000+0  00000+0 0   281
2 08820 109.8565   6.2862 0044191  49.9497 153.0535  6.38664898    10
1 08820C 76039A   25028.00000000  .00000000  00000+0  00000+0 0   281
2 08820 109.8565   6.2862 0044191  49.9497 153.0535  6.38664899    11
1 08820C 76039A   25028.00000000  .00000000  00000+0  00000+0 0   281
2 08820 109.8565   6.2862 0044190  49.9497 153.0534  6.38664906    18
1 08820C 76039A   25028.00000000  .00000000  00000+0  00000+0 0   281
2 08820 109.8564   6.2861 0044188  49.9508 153.0522  6.38664913    11
1 08820C 76039A   25029.00000000  .00000000  00000+0  00000+0 0   293
2 08820 109.8566   6.6285 0044194  49.7363 292.2476  6.38664891    10
1 08820C 76039A   25029.00000000  .00000000  00000+0  00000+0 0   293
2 08820 109.8566   6.6286 0044194  49.7342 292.2497  6.38664891    11
1 08820C 76039A   25029.00000000  .00000000  00000+0  00000+0 0   293
2 08820 109.8566   6.6285 0044193  49.7363 292.2476  6.38664913    14
1 08820C 76039A   25030.00000000  .00000000  00000+0  00000+0 0   307
2 08820 109.8568   6.9709 0044198  49.5182  71.4464  6.38664884    13
1 08820C 76039A   25030.00000000  .00000000  00000+0  00000+0 0   307
2 08820 109.8568   6.9709 0044197  49.5191  71.4455  6.38664886    14
1 08820C 76039A   25030.00000000  .00000000  00000+0  00000+0 0   307
2 08820 109.8568   6.9709 0044199  49.5221  71.4425  6.38664886    17
1 08820C 76039A   25031.00000000  .00000000  00000+0  00000+0 0   319
2 08820 109.8569   7.3133 0044201  49.3045 210.6408  6.38664886    18
1 08820C 76039A   25031.00000000  .00000000  00000+0  00000+0 0   319
2 08820 109.8569   7.3133 0044201  49.3037 210.6415  6.38664887    18
1 08820C 76039A   25031.00000000  .00000000  00000+0  00000+0 0   319
2 08820 109.8569   7.3133 0044201  49.3066 210.6386  6.38664891    12
1 08820C 76039A   25032.00000000  .00000000  00000+0  00000+0 0   321
2 08820 109.8570   7.6557 0044203  49.0885 349.8373  6.38664886    10
1 08820C 76039A   25032.00000000  .00000000  00000+0  00000+0 0   321
2 08820 109.8569   7.6558 0044204  49.0890 349.8368  6.38664889    13
1 08820C 76039A   25032.00000000  .00000000  00000+0  00000+0 0   321
2 08820 109.8570   7.6557 0044204  49.0892 349.8366  6.38664903    22
1 08820C 76039A   25033.00000000  .00000000  00000+0  00000+0 0   333
2 08820 109.8570   7.9981 0044207  48.8738 129.0326  6.38664894    17
1 08820C 76039A   25033.00000000  .00000000  00000+0  00000+0 0   333
2 08820 109.8570   7.9981 0044209  48.8767 129.0298  6.38664894    19
1 08820C 76039A   25033.00000000  .00000000  00000+0  00000+0 0   333
2 08820 109.8571   7.9981 0044205  48.8729 129.0335  6.38664896    18
1 08820C 76039A   25034.00000000  .00000000  00000+0  00000+0 0   345
2 08820 109.8571   8.3405 0044211  48.6634 268.2237  6.38664898    13
1 08820C 76039A   25034.00000000  .00000000  00000+0  00000+0 0   345
2 08820 109.8571   8.3406 0044212  48.6651 268.2218  6.38664905    12
1 08820C 76039A   25034.00000000  .00000000  00000+0  00000+0 0   345
2 08820 109.8571   8.3405 0044209  48.6602 268.2268  6.38664910    14
1 08820C 76039A   25035.00000000  .00000000  00000+0  00000+0 0   357
2 08820 109.8572   8.6829 0044214  48.4489  47.4188  6.38664906    18
1 08820C 76039A   25035.00000000  .00000000  00000+0  00000+0 0   357
2 08820 109.8572   8.6829 0044215  48.4518  47.4159  6.38664907    11
1 08820C 76039A   25035.00000000  .00000000  00000+0  00000+0 0   357
2 08820 109.8572   8.6830 0044216  48.4528  47.4148  6.38664917    14
1 08820C 76039A   25036.00000000  .00000000  00000+0  00000+0 0   369
2 08820 109.8573   9.0253 0044221  48.2417 186.6066  6.38664916    14
1 08820C 76039A   25036.00000000  .00000000  00000+0  00000+0 0   369
2 08820 109.8572   9.0253 0044220  48.2415 186.6068  6.38664925    12
1 08820C 76039A   25036.00000000  .00000000  00000+0  00000+0 0   369
2 08820 109.8572   9.0254 0044219  48.2422 186.6060  6.38664936    13
1 08820C 76039A   25037.00000000  .00000000  00000+0  00000+0 0   371
2 08820 109.8573   9.3678 0044222  48.0306 325.7982  6.38664944    18
1 08820C 76039A   25037.00000000  .00000000  00000+0  00000+0 0   371
2 08820 109.8574   9.3677 0044223  48.0305 325.7984  6.38664946    23
1 08820C 76039A   25037.00000000  .00000000  00000+0  00000+0 0   371
2 08820 109.8573   9.3678 0044221  48.0292 325.7995  6.38664961    14
1 08820C 76039A   25038.00000000  .00000000  00000+0  00000+0 0   383
2 08820 109.8574   9.7101 0044226  47.8192 104.9904  6.38664959    15
1 08820C 76039A   25038.00000000  .00000000  00000+0  00000+0 0   383
2 08820 109.8574   9.7102 0044224  47.8166 104.9929  6.38664972    17
1 08820C 76039A   25038.00000000  .00000000  00000+0  00000+0 0   383
2 08820 109.8574   9.7102 0044223  47.8153 104.9940  6.38664986    10
1 08820C 76039A   25039.00000000  .00000000  00000+0  00000+0 0   395
2 08820 109.8576  10.0526 0044225  47.6040 244.1863  6.38664994    12
1 08820C 76039A   25039.00000000  .00000000  00000+0  00000+0 0   395
2 08820 109.8575  10.0526 0044225  47.6022 244.1880  6.38665001    10
1 08820C 76039A   25039.00000000  .00000000  00000+0  00000+0 0   395
2 08820 109.8576  10.0526 0044224  47.6008 244.1893  6.38665013    11
1 08820C 76039A   25040.00000000  .00000000  00000+0  00000+0 0   409
2 08820 109.8577  10.3950 0044225  47.3861  23.3850  6.38665009    16
1 08820C 76039A   25040.00000000  .00000000  00000+0  00000+0 0   409
2 08820 109.8577  10.3950 0044224  47.3859  23.3851  6.38665023    19
1 08820C 76039A   25040.00000000  .00000000  00000+0  00000+0 0   409
2 08820 109.8577  10.3951 0044224  47.3841  23.3868  6.38665034    11
1 08820C 76039A   25041.00000000  .00000000  00000+0  00000+0 0   411
2 08820 109.8578  10.7374 0044226  47.1708 162.5812  6.38665042    11
1 08820C 76039A   25041.00000000  .00000000  00000+0  00000+0 0   411
2 08820 109.8578  10.7375 0044225  47.1688 162.5831  6.38665045    12
1 08820C 76039A   25041.00000000  .00000000  00000+0  00000+0 0   411
2 08820 109.8579  10.7375 0044226  47.1692 162.5827  6.38665050    10
1 08820C 76039A   25042.00000000  .00000000  00000+0  00000+0 0   423
2 08820 109.8580  11.0800 0044227  46.9544 301.7786  6.38665058    12
1 08820C 76039A   25042.00000000  .00000000  00000+0  00000+0 0   423
2 08820 109.8580  11.0799 0044227  46.9551 301.7778  6.38665060    11
1 08820C 76039A   25042.00000000  .00000000  00000+0  00000+0 0   423
2 08820 109.8580  11.0800 0044228  46.9542 301.7788  6.38665062    18
1 08820C 76039A   25043.00000000  .00000000  00000+0  00000+0 0   435
2 08820 109.8581  11.4224 0044230  46.7388  80.9753  6.38665062    10
1 08820C 76039A   25043.00000000  .00000000  00000+0  00000+0 0   435
2 08820 109.8581  11.4224 0044230  46.7388  80.9753  6.38665065    13
1 08820C 76039A   25043.00000000  .00000000  00000+0  00000+0 0   435
2 08820 109.8582  11.4225 0044232  46.7393  80.9749  6.38665066    19
1 08820C 76039A   25043.00000000  .00000000  00000+0  00000+0 0   435
2 08820 109.8582  11.4225 0044232  46.7393  80.9749  6.38665067    10
1 08820C 76039A   25044.00000000  .00000000  00000+0  00000+0 0   447
2 08820 109.8583  11.7650 0044235  46.5272 220.1682  6.38665068    18
1 08820C 76039A   25044.00000000  .00000000  00000+0  00000+0 0   447
2 08820 109.8583  11.7649 0044235  46.5259 220.1695  6.38665071    19
1 08820C 76039A   25044.00000000  .00000000  00000+0  00000+0 0   447
2 08820 109.8583  11.7649 0044233  46.5255 220.1698  6.38665072    17
1 08820C 76039A   25045.00000000  .00000000  00000+0  00000+0 0   459
2 08820 109.8585  12.1075 0044239  46.3126 359.3641  6.38665067    15
1 08820C 76039A   25045.00000000  .00000000  00000+0  00000+0 0   459
2 08820 109.8584  12.1074 0044238  46.3138 359.3629  6.38665069    13
1 08820C 76039A   25045.00000000  .00000000  00000+0  00000+0 0   459
2 08820 109.8584  12.1074 0044237  46.3122 359.3644  6.38665077    22
1 08820C 76039A   25046.00000000  .00000000  00000+0  00000+0 0   461
2 08820 109.8586  12.4500 0044243  46.0990 138.5591  6.38665060    17
1 08820C 76039A   25046.00000000  .00000000  00000+0  00000+0 0   461
2 08820 109.8586  12.4500 0044242  46.0992 138.5587  6.38665066    19
1 08820C 76039A   25046.00000000  .00000000  00000+0  00000+0 0   461
2 08820 109.8586  12.4499 0044243  46.1014 138.5565  6.38665066    19
1 08820C 76039A   25047.00000000  .00000000  00000+0  00000+0 0   473
2 08820 109.8587  12.7925 0044246  45.8846 277.7548  6.38665054    13
1 08820C 76039A   25047.00000000  .00000000  00000+0  00000+0 0   473
2 08820 109.8587  12.7925 0044246  45.8867 277.7526  6.38665061    10
1 08820C 76039A   25047.00000000  .00000000  00000+0  00000+0 0   473
2 08820 109.8587  12.7924 0044246  45.8881 277.7511  6.38665074    13
1 08820C 76039A   25048.00000000  .00000000  00000+0  00000+0 0   485
2 08820 109.8588  13.1350 0044249  45.6666  56.9541  6.38665047    14
1 08820C 76039A   25048.00000000  .00000000  00000+0  00000+0 0   485
2 08820 109.8588  13.1350 0044248  45.6699  56.9508  6.38665049    14
1 08820C 76039A   25048.00000000  .00000000  00000+0  00000+0 0   485
2 08820 109.8588  13.1349 0044249  45.6716  56.9490  6.38665061    17
1 08820C 76039A   25049.00000000  .00000000  00000+0  00000+0 0   497
2 08820 109.8589  13.4775 0044252  45.4506 196.1514  6.38665040    14
1 08820C 76039A   25049.00000000  .00000000  00000+0  00000+0 0   497
2 08820 109.8589  13.4775 0044252  45.4523 196.1496  6.38665044    16
1 08820C 76039A   25049.00000000  .00000000  00000+0  00000+0 0   497
2 08820 109.8589  13.4774 0044251  45.4555 196.1464  6.38665053    14
1 08820C 76039A   25050.00000000  .00000000  00000+0  00000+0 0   501
2 08820 109.8590  13.8200 0044254  45.2355 335.3477  6.38665038    17
1 08820C 76039A   25050.00000000  .00000000  00000+0  00000+0 0   501
2 08820 109.8590  13.8200 0044255  45.2327 335.3505  6.38665038    19
1 08820C 76039A   25050.00000000  .00000000  00000+0  00000+0 0   501
2 08820 109.8590  13.8199 0044253  45.2370 335.3461  6.38665044    21
1 08820C 76039A   25051.00000000  .00000000  00000+0  00000+0 0   513
2 08820 109.8591  14.1624 0044256  45.0180 114.5464  6.38665034    17
1 08820C 76039A   25051.00000000  .00000000  00000+0  00000+0 0   513
2 08820 109.8591  14.1625 0044257  45.0162 114.5483  6.38665034    10
1 08820C 76039A   25051.00000000  .00000000  00000+0  00000+0 0   513
2 08820 109.8591  14.1625 0044260  45.0159 114.5486  6.38665035    14
1 08820C 76039A   25052.00000000  .00000000  00000+0  00000+0 0   525
2 08820 109.8592  14.5050 0044264  44.8021 253.7436  6.38665034    10
1 08820C 76039A   25052.00000000  .00000000  00000+0  00000+0 0   525
2 08820 109.8592  14.5050 0044262  44.8011 253.7445  6.38665036    19
1 08820C 76039A   25052.00000000  .00000000  00000+0  00000+0 0   525
2 08820 109.8592  14.5049 0044260  44.8022 253.7434  6.38665043    13
1 08820C 76039A   25053.00000000  .00000000  00000+0  00000+0 0   537
2 08820 109.8594  14.8475 0044270  44.5873  32.9396  6.38665029    11
1 08820C 76039A   25053.00000000  .00000000  00000+0  00000+0 0   537
2 08820 109.8593  14.8475 0044267  44.5868  32.9400  6.38665032    10
1 08820C 76039A   25053.00000000  .00000000  00000+0  00000+0 0   537
2 08820 109.8593  14.8474 0044265  44.5846  32.9422  6.38665044    10
1 08820C 76039A   25054.00000000  .00000000  00000+0  00000+0 0   549
2 08820 109.8595  15.1901 0044277  44.3757 172.1325  6.38665016    11
1 08820C 76039A   25054.00000000  .00000000  00000+0  00000+0 0   549
2 08820 109.8595  15.1899 0044272  44.3731 172.1350  6.38665022    19
1 08820C 76039A   25054.00000000  .00000000  00000+0  00000+0 0   549
2 08820 109.8595  15.1900 0044274  44.3735 172.1346  6.38665024    15
1 08820C 76039A   25055.00000000  .00000000  00000+0  00000+0 0   551
2 08820 109.8597  15.5326 0044281  44.1634 311.3260  6.38665001    14
1 08820C 76039A   25055.00000000  .00000000  00000+0  00000+0 0   551
2 08820 109.8597  15.5325 0044281  44.1638 311.3254  6.38665011    11
1 08820C 76039A   25055.00000000  .00000000  00000+0  00000+0 0   551
2 08820 109.8596  15.5325 0044278  44.1622 311.3270  6.38665020    17
1 08820C 76039A   25056.00000000  .00000000  00000+0  00000+0 0   563
2 08820 109.8599  15.8751 0044287  43.9497  90.5209  6.38664984    19
1 08820C 76039A   25056.00000000  .00000000  00000+0  00000+0 0   563
2 08820 109.8598  15.8751 0044286  43.9506  90.5200  6.38664989    14
1 08820C 76039A   25056.00000000  .00000000  00000+0  00000+0 0   563
2 08820 109.8598  15.8750 0044286  43.9507  90.5198  6.38665009    14
1 08820C 76039A   25057.00000000  .00000000  00000+0  00000+0 0   575
2 08820 109.8600  16.2177 0044292  43.7381 229.7137  6.38664971    17
1 08820C 76039A   25057.00000000  .00000000  00000+0  00000+0 0   575
2 08820 109.8600  16.2176 0044292  43.7387 229.7130  6.38664974    18
1 08820C 76039A   25057.00000000  .00000000  00000+0  00000+0 0   575
2 08820 109.8600  16.2175 0044290  43.7404 229.7113  6.38664982    15
1 08820C 76039A   25058.00000000  .00000000  00000+0  00000+0 0   587
2 08820 109.8601  16.5602 0044294  43.5253   8.9074  6.38664965    12
1 08820C 76039A   25058.00000000  .00000000  00000+0  00000+0 0   587
2 08820 109.8601  16.5602 0044295  43.5240   8.9088  6.38664968    17
1 08820C 76039A   25059.00000000  .00000000  00000+0  00000+0 0   599
2 08820 109.8602  16.9027 0044298  43.3099 148.1038  6.38664966    16
1 08820C 76039A   25059.00000000  .00000000  00000+0  00000+0 0   599
2 08820 109.8603  16.9027 0044299  43.3125 148.1012  6.38664967    11
1 08820C 76039A   25059.00000000  .00000000  00000+0  00000+0 0   599
2 08820 109.8602  16.9028 0044299  43.3110 148.1027  6.38664972    17
1 08820C 76039A   25060.00000000  .00000000  00000+0  00000+0 0   603
2 08820 109.8603  17.2453 0044301  43.0974 287.2971  6.38664979    13
1 08820C 76039A   25060.00000000  .00000000  00000+0  00000+0 0   603
2 08820 109.8603  17.2454 0044302  43.0992 287.2953  6.38664982    19
1 08820C 76039A   25060.00000000  .00000000  00000+0  00000+0 0   603
2 08820 109.8604  17.2452 0044301  43.0979 287.2966  6.38664987    11
1 08820C 76039A   25061.00000000  .00000000  00000+0  00000+0 0   615
2 08820 109.8604  17.5878 0044303  42.8815  66.4938  6.38664984    17
1 08820C 76039A   25061.00000000  .00000000  00000+0  00000+0 0   615
2 08820 109.8604  17.5879 0044305  42.8851  66.4903  6.38664988    16
1 08820C 76039A   25061.00000000  .00000000  00000+0  00000+0 0   615
2 08820 109.8604  17.5879 0044306  42.8873  66.4881  6.38664994    13
1 08820C 76039A   25062.00000000  .00000000  00000+0  00000+0 0   627
2 08820 109.8604  17.9303 0044306  42.6693 205.6870  6.38664988    15
1 08820C 76039A   25062.00000000  .00000000  00000+0  00000+0 0   627
2 08820 109.8604  17.9304 0044310  42.6750 205.6813  6.38664999    14
1 08820C 76039A   25062.00000000  .00000000  00000+0  00000+0 0   627
2 08820 109.8604  17.9305 0044310  42.6778 205.6785  6.38665002    19
1 08820C 76039A   25062.00000000  .00000000  00000+0  00000+0 0   627
2 08820 109.8604  17.9305 0044310  42.6778 205.6785  6.38665003    10
1 08820C 76039A   25063.00000000  .00000000  00000+0  00000+0 0   639
2 08820 109.8605  18.2730 0044313  42.4670 344.8702  6.38665009    10
1 08820C 76039A   25063.00000000  .00000000  00000+0  00000+0 0   639
2 08820 109.8605  18.2729 0044312  42.4634 344.8738  6.38665012    21
1 08820C 76039A   25063.00000000  .00000000  00000+0  00000+0 0   639
2 08820 109.8605  18.2730 0044313  42.4679 344.8693  6.38665015    15
1 08820C 76039A   25064.00000000  .00000000  00000+0  00000+0 0   641
2 08820 109.8606  18.6155 0044318  42.2573 124.0610  6.38665010    19
1 08820C 76039A   25064.00000000  .00000000  00000+0  00000+0 0   641
2 08820 109.8606  18.6155 0044317  42.2571 124.0612  6.38665016    14
1 08820C 76039A   25064.00000000  .00000000  00000+0  00000+0 0   641
2 08820 109.8605  18.6156 0044317  42.2574 124.0608  6.38665028    15
1 08820C 76039A   25065.00000000  .00000000  00000+0  00000+0 0   653
2 08820 109.8606  18.9581 0044320  42.0492 263.2501  6.38665025    17
1 08820C 76039A   25065.00000000  .00000000  00000+0  00000+0 0   653
2 08820 109.8606  18.9581 0044320  42.0477 263.2515  6.38665033    14
1 08820C 76039A   25065.00000000  .00000000  00000+0  00000+0 0   653
2 08820 109.8606  18.9582 0044319  42.0467 263.2525  6.38665045    16
1 08820C 76039A   25066.00000000  .00000000  00000+0  00000+0 0   665
2 08820 109.8607  19.3006 0044322  41.8365  42.4438  6.38665044    10
1 08820C 76039A   25066.00000000  .00000000  00000+0  00000+0 0   665
2 08820 109.8607  19.3007 0044321  41.8355  42.4448  6.38665054    11
1 08820C 76039A   25066.00000000  .00000000  00000+0  00000+0 0   665
2 08820 109.8607  19.3008 0044320  41.8335  42.4467  6.38665069    16
1 08820C 76039A   25067.00000000  .00000000  00000+0  00000+0 0   677
2 08820 109.8608  19.6432 0044323  41.6228 181.6387  6.38665061    12
1 08820C 76039A   25067.00000000  .00000000  00000+0  00000+0 0   677
2 08820 109.8608  19.6433 0044322  41.6207 181.6406  6.38665077    18
1 08820C 76039A   25067.00000000  .00000000  00000+0  00000+0 0   677
2 08820 109.8608  19.6434 0044322  41.6191 181.6422  6.38665092    16
1 08820C 76039A   25068.00000000  .00000000  00000+0  00000+0 0   689
2 08820 109.8609  19.9858 0044322  41.4061 320.8365  6.38665090    26
1 08820C 76039A   25068.00000000  .00000000  00000+0  00000+0 0   689
2 08820 109.8609  19.9859 0044323  41.4057 320.8367  6.38665106    12
1 08820C 76039A   25068.00000000  .00000000  00000+0  00000+0 0   689
2 08820 109.8610  19.9860 0044323  41.4043 320.8381  6.38665115    17
1 08820C 76039A   25069.00000000  .00000000  00000+0  00000+0 0   691
2 08820 109.8611  20.3284 0044323  41.1895 100.0342  6.38665120    17
1 08820C 76039A   25069.00000000  .00000000  00000+0  00000+0 0   691
2 08820 109.8611  20.3285 0044324  41.1897 100.0340  6.38665125    14
1 08820C 76039A   25069.00000000  .00000000  00000+0  00000+0 0   691
2 08820 109.8611  20.3286 0044325  41.1895 100.0342  6.38665134    16
1 08820C 76039A   25070.00000000  .00000000  00000+0  00000+0 0   705
2 08820 109.8612  20.6710 0044324  40.9742 239.2309  6.38665135    18
1 08820C 76039A   25070.00000000  .00000000  00000+0  00000+0 0   705
2 08820 109.8612  20.6711 0044326  40.9753 239.2297  6.38665141    16
1 08820C 76039A   25070.00000000  .00000000  00000+0  00000+0 0   705
2 08820 109.8612  20.6712 0044327  40.9762 239.2288  6.38665145    12
1 08820C 76039A   25071.00000000  .00000000  00000+0  00000+0 0   717
2 08820 109.8613  21.0139 0044330  40.7631  18.4234  6.38665152    14
1 08820C 76039A   25071.00000000  .00000000  00000+0  00000+0 0   717
2 08820 109.8613  21.0137 0044327  40.7590  18.4275  6.38665153    18
1 08820C 76039A   25071.00000000  .00000000  00000+0  00000+0 0   717
2 08820 109.8613  21.0138 0044328  40.7626  18.4238  6.38665153    19
1 08820C 76039A   25072.00000000  .00000000  00000+0  00000+0 0   729
2 08820 109.8614  21.3564 0044333  40.5501 157.6180  6.38665153    14
1 08820C 76039A   25072.00000000  .00000000  00000+0  00000+0 0   729
2 08820 109.8614  21.3565 0044334  40.5516 157.6165  6.38665154    16
1 08820C 76039A   25072.00000000  .00000000  00000+0  00000+0 0   729
2 08820 109.8614  21.3563 0044331  40.5473 157.6207  6.38665156    12
1 08820C 76039A   25073.00000000  .00000000  00000+0  00000+0 0   731
2 08820 109.8615  21.6992 0044337  40.3400 296.8097  6.38665149    11
1 08820C 76039A   25073.00000000  .00000000  00000+0  00000+0 0   731
2 08820 109.8615  21.6991 0044336  40.3400 296.8096  6.38665155    15
1 08820C 76039A   25073.00000000  .00000000  00000+0  00000+0 0   731
2 08820 109.8615  21.6990 0044334  40.3378 296.8118  6.38665160    17
1 08820C 76039A   25074.00000000  .00000000  00000+0  00000+0 0   743
2 08820 109.8616  22.0419 0044341  40.1270  76.0044  6.38665143    13
1 08820C 76039A   25074.00000000  .00000000  00000+0  00000+0 0   743
2 08820 109.8616  22.0418 0044340  40.1278  76.0035  6.38665149    15
1 08820C 76039A   25074.00000000  .00000000  00000+0  00000+0 0   743
2 08820 109.8616  22.0416 0044340  40.1280  76.0032  6.38665158    13
1 08820C 76039A   25075.00000000  .00000000  00000+0  00000+0 0   755
2 08820 109.8617  22.3845 0044344  39.9144 215.1986  6.38665131    17
1 08820C 76039A   25075.00000000  .00000000  00000+0  00000+0 0   755
2 08820 109.8617  22.3844 0044344  39.9157 215.1973  6.38665137    12
1 08820C 76039A   25075.00000000  .00000000  00000+0  00000+0 0   755
2 08820 109.8617  22.3843 0044344  39.9185 215.1944  6.38665143    17
1 08820C 76039A   25076.00000000  .00000000  00000+0  00000+0 0   767
2 08820 109.8618  22.7272 0044347  39.6985 354.3962  6.38665119    15
1 08820C 76039A   25076.00000000  .00000000  00000+0  00000+0 0   767
2 08820 109.8618  22.7271 0044346  39.7020 354.3927  6.38665128    15
1 08820C 76039A   25076.00000000  .00000000  00000+0  00000+0 0   767
2 08820 109.8618  22.7270 0044347  39.7038 354.3908  6.38665136    23
1 08820C 76039A   25077.00000000  .00000000  00000+0  00000+0 0   779
2 08820 109.8618  23.0698 0044350  39.4828 133.5935  6.38665112    19
1 08820C 76039A   25077.00000000  .00000000  00000+0  00000+0 0   779
2 08820 109.8618  23.0697 0044350  39.4847 133.5916  6.38665113    19
1 08820C 76039A   25077.00000000  .00000000  00000+0  00000+0 0   779
2 08820 109.8619  23.0696 0044350  39.4886 133.5876  6.38665124    19
1 08820C 76039A   25078.00000000  .00000000  00000+0  00000+0 0   781
2 08820 109.8619  23.4123 0044351  39.2717 272.7861  6.38665102    16
1 08820C 76039A   25078.00000000  .00000000  00000+0  00000+0 0   781
2 08820 109.8619  23.4124 0044352  39.2693 272.7886  6.38665104    10
1 08820C 76039A   25078.00000000  .00000000  00000+0  00000+0 0   781
2 08820 109.8619  23.4125 0044353  39.2678 272.7901  6.38665104    13
1 08820C 76039A   25079.00000000  .00000000  00000+0  00000+0 0   793
2 08820 109.8619  23.7550 0044355  39.0525  51.9868  6.38665103    17
1 08820C 76039A   25079.00000000  .00000000  00000+0  00000+0 0   793
2 08820 109.8619  23.7551 0044357  39.0523  51.9871  6.38665103    12
1 08820C 76039A   25079.00000000  .00000000  00000+0  00000+0 0   793
2 08820 109.8620  23.7550 0044354  39.0534  51.9859  6.38665104    19
1 08820C 76039A   25080.00000000  .00000000  00000+0  00000+0 0   807
2 08820 109.8620  24.0977 0044360  38.8380 191.1829  6.38665100    19
1 08820C 76039A   25080.00000000  .00000000  00000+0  00000+0 0   807
2 08820 109.8620  24.0976 0044358  38.8379 191.1829  6.38665104    17
1 08820C 76039A   25080.00000000  .00000000  00000+0  00000+0 0   807
2 08820 109.8620  24.0978 0044362  38.8399 191.1809  6.38665104    14
1 08820C 76039A   25081.00000000  .00000000  00000+0  00000+0 0   819
2 08820 109.8621  24.4404 0044367  38.6281 330.3742  6.38665102    17
1 08820C 76039A   25081.00000000  .00000000  00000+0  00000+0 0   819
2 08820 109.8621  24.4403 0044365  38.6264 330.3758  6.38665105    15
1 08820C 76039A   25081.00000000  .00000000  00000+0  00000+0 0   819
2 08820 109.8621  24.4402 0044362  38.6235 330.3788  6.38665107    25
1 08820C 76039A   25082.00000000  .00000000  00000+0  00000+0 0   821
2 08820 109.8622  24.7831 0044373  38.4178 109.5660  6.38665096    12
1 08820C 76039A   25082.00000000  .00000000  00000+0  00000+0 0   821
2 08820 109.8622  24.7830 0044370  38.4154 109.5683  6.38665102    15
1 08820C 76039A   25082.00000000  .00000000  00000+0  00000+0 0   821
2 08820 109.8621  24.7829 0044368  38.4126 109.5710  6.38665112    10
1 08820C 76039A   25083.00000000  .00000000  00000+0  00000+0 0   833
2 08820 109.8623  25.1258 0044377  38.2084 248.7570  6.38665080    18
1 08820C 76039A   25083.00000000  .00000000  00000+0  00000+0 0   833
2 08820 109.8623  25.1257 0044377  38.2074 248.7578  6.38665088    12
1 08820C 76039A   25083.00000000  .00000000  00000+0  00000+0 0   833
2 08820 109.8623  25.1256 0044373  38.2046 248.7606  6.38665098    19
1 08820C 76039A   25084.00000000  .00000000  00000+0  00000+0 0   845
2 08820 109.8625  25.4685 0044382  37.9964  27.9504  6.38665060    18
1 08820C 76039A   25084.00000000  .00000000  00000+0  00000+0 0   845
2 08820 109.8624  25.4684 0044381  37.9977  27.9491  6.38665073    18
1 08820C 76039A   25084.00000000  .00000000  00000+0  00000+0 0   845
2 08820 109.8624  25.4682 0044380  37.9968  27.9498  6.38665087    17
1 08820C 76039A   25085.00000000  .00000000  00000+0  00000+0 0   857
2 08820 109.8626  25.8111 0044387  37.7859 167.1424  6.38665046    15
1 08820C 76039A   25085.00000000  .00000000  00000+0  00000+0 0   857
2 08820 109.8626  25.8110 0044387  37.7861 167.1421  6.38665047    15
1 08820C 76039A   25085.00000000  .00000000  00000+0  00000+0 0   857
2 08820 109.8625  25.8109 0044386  37.7878 167.1403  6.38665059    12
1 08820C 76039A   25086.00000000  .00000000  00000+0  00000+0 0   869
2 08820 109.8627  26.1536 0044389  37.5763 306.3333  6.38665034    18
1 08820C 76039A   25086.00000000  .00000000  00000+0  00000+0 0   869
2 08820 109.8627  26.1537 0044389  37.5750 306.3346  6.38665035    10
1 08820C 76039A   25086.00000000  .00000000  00000+0  00000+0 0   869
2 08820 109.8626  26.1538 0044390  37.5743 306.3354  6.38665037    15
1 08820C 76039A   25087.00000000  .00000000  00000+0  00000+0 0   871
2 08820 109.8627  26.4964 0044392  37.3613  85.5295  6.38665036    17
1 08820C 76039A   25087.00000000  .00000000  00000+0  00000+0 0   871
2 08820 109.8628  26.4963 0044393  37.3620  85.5289  6.38665041    15
1 08820C 76039A   25087.00000000  .00000000  00000+0  00000+0 0   871
2 08820 109.8627  26.4965 0044394  37.3626  85.5283  6.38665043    19
1 08820C 76039A   25088.00000000  .00000000  00000+0  00000+0 0   883
2 08820 109.8628  26.8390 0044395  37.1492 224.7228  6.38665044    13
1 08820C 76039A   25088.00000000  .00000000  00000+0  00000+0 0   883
2 08820 109.8627  26.8391 0044396  37.1500 224.7220  6.38665045    17
1 08820C 76039A   25088.00000000  .00000000  00000+0  00000+0 0   883
2 08820 109.8627  26.8392 0044397  37.1523 224.7197  6.38665056    19
1 08820C 76039A   25089.00000000  .00000000  00000+0  00000+0 0   895
2 08820 109.8628  27.1817 0044398  36.9356   3.9174  6.38665054    29
1 08820C 76039A   25089.00000000  .00000000  00000+0  00000+0 0   895
2 08820 109.8627  27.1818 0044399  36.9394   3.9137  6.38665066    13
1 08820C 76039A   25089.00000000  .00000000  00000+0  00000+0 0   895
2 08820 109.8627  27.1819 0044400  36.9416   3.9114  6.38665070    12
1 08820C 76039A   25090.00000000  .00000000  00000+0  00000+0 0   909
2 08820 109.8627  27.5245 0044403  36.7302 143.1040  6.38665081    11
1 08820C 76039A   25090.00000000  .00000000  00000+0  00000+0 0   909
2 08820 109.8627  27.5246 0044404  36.7332 143.1010  6.38665086    18
1 08820C 76039A   25090.00000000  .00000000  00000+0  00000+0 0   909
2 08820 109.8627  27.5244 0044402  36.7269 143.1072  6.38665087    12
1 08820C 76039A   25091.00000000  .00000000  00000+0  00000+0 0   911
2 08820 109.8627  27.8671 0044404  36.5182 282.2973  6.38665089    10
1 08820C 76039A   25091.00000000  .00000000  00000+0  00000+0 0   911
2 08820 109.8627  27.8672 0044407  36.5237 282.2917  6.38665089    13
1 08820C 76039A   25091.00000000  .00000000  00000+0  00000+0 0   911
2 08820 109.8627  27.8673 0044406  36.5246 282.2909  6.38665095    11
1 08820C 76039A   25092.00000000  .00000000  00000+0  00000+0 0   923
2 08820 109.8627  28.2099 0044409  36.3153  61.4815  6.38665100    16
1 08820C 76039A   25092.00000000  .00000000  00000+0  00000+0 0   923
2 08820 109.8627  28.2098 0044409  36.3117  61.4850  6.38665102    16
1 08820C 76039A   25092.00000000  .00000000  00000+0  00000+0 0   923
2 08820 109.8627  28.2100 0044410  36.3149  61.4819  6.38665103    13
1 08820C 76039A   25093.00000000  .00000000  00000+0  00000+0 0   935
2 08820 109.8628  28.5526 0044413  36.1061 200.6721  6.38665104    13
1 08820C 76039A   25093.00000000  .00000000  00000+0  00000+0 0   935
2 08820 109.8628  28.5525 0044413  36.1075 200.6707  6.38665105    12
1 08820C 76039A   25093.00000000  .00000000  00000+0  00000+0 0   935
2 08820 109.8628  28.5527 0044412  36.1047 200.6734  6.38665117    15
1 08820C 76039A   25094.00000000  .00000000  00000+0  00000+0 0   947
2 08820 109.8628  28.8952 0044414  35.8969 339.8627  6.38665105    25
1 08820C 76039A   25094.00000000  .00000000  00000+0  00000+0 0   947
2 08820 109.8628  28.8953 0044413  35.8943 339.8653  6.38665119    10
1 08820C 76039A   25094.00000000  .00000000  00000+0  00000+0 0   947
2 08820 109.8628  28.8954 0044413  35.8916 339.8679  6.38665130    12
1 08820C 76039A   25095.00000000  .00000000  00000+0  00000+0 0   959
2 08820 109.8629  29.2380 0044415  35.6798 119.0611  6.38665139    12
1 08820C 76039A   25095.00000000  .00000000  00000+0  00000+0 0   959
2 08820 109.8629  29.2379 0044415  35.6812 119.0597  6.38665140    12
1 08820C 76039A   25095.00000000  .00000000  00000+0  00000+0 0   959
2 08820 109.8629  29.2381 0044415  35.6780 119.0628  6.38665151    16
1 08820C 76039A   25096.00000000  .00000000  00000+0  00000+0 0   961
2 08820 109.8629  29.5806 0044415  35.4659 258.2564  6.38665154    12
1 08820C 76039A   25096.00000000  .00000000  00000+0  00000+0 0   961
2 08820 109.8629  29.5807 0044416  35.4657 258.2566  6.38665157    17
1 08820C 76039A   25096.00000000  .00000000  00000+0  00000+0 0   961
2 08820 109.8629  29.5808 0044416  35.4638 258.2584  6.38665171    13
1 08820C 76039A   25097.00000000  .00000000  00000+0  00000+0 0   973
2 08820 109.8630  29.9233 0044417  35.2499  37.4539  6.38665174    15
1 08820C 76039A   25097.00000000  .00000000  00000+0  00000+0 0   973
2 08820 109.8630  29.9234 0044417  35.2499  37.4539  6.38665182    15
1 08820C 76039A   25097.00000000  .00000000  00000+0  00000+0 0   973
2 08820 109.8630  29.9236 0044418  35.2492  37.4545  6.38665186    12
1 08820C 76039A   25098.00000000  .00000000  00000+0  00000+0 0   985
2 08820 109.8630  30.2660 0044419  35.0355 176.6498  6.38665192    15
1 08820C 76039A   25098.00000000  .00000000  00000+0  00000+0 0   985
2 08820 109.8630  30.2662 0044420  35.0357 176.6497  6.38665196    14
1 08820C 76039A   25098.00000000  .00000000  00000+0  00000+0 0   985
2 08820 109.8630  30.2663 0044421  35.0371 176.6483  6.38665201    14
1 08820C 76039A   25099.00000000  .00000000  00000+0  00000+0 0   997
2 08820 109.8630  30.6088 0044421  34.8241 315.8430  6.38665198    16
1 08820C 76039A   25099.00000000  .00000000  00000+0  00000+0 0   997
2 08820 109.8631  30.6089 0044422  34.8243 315.8428  6.38665204    16
1 08820C 76039A   25099.00000000  .00000000  00000+0  00000+0 0   997
2 08820 109.8631  30.6090 0044422  34.8251 315.8420  6.38665206    11
1 08820C 76039A   25100.00000000  .00000000  00000+0  00000+0 0  1003
2 08820 109.8631  30.9515 0044425  34.6134  95.0354  6.38665207    11
1 08820C 76039A   25100.00000000  .00000000  00000+0  00000+0 0  1003
2 08820 109.8631  30.9518 0044427  34.6142  95.0346  6.38665207    16
1 08820C 76039A   25100.00000000  .00000000  00000+0  00000+0 0  1003
2 08820 109.8631  30.9517 0044425  34.6127  95.0361  6.38665212    19
1 08820C 76039A   25101.00000000  .00000000  00000+0  00000+0 0  1015
2 08820 109.8631  31.2945 0044430  34.4048 234.2259  6.38665204    18
1 08820C 76039A   25101.00000000  .00000000  00000+0  00000+0 0  1015
2 08820 109.8631  31.2944 0044429  34.4041 234.2266  6.38665205    17
1 08820C 76039A   25101.00000000  .00000000  00000+0  00000+0 0  1015
2 08820 109.8631  31.2943 0044428  34.4034 234.2271  6.38665210    19
1 08820C 76039A   25102.00000000  .00000000  00000+0  00000+0 0  1027
2 08820 109.8631  31.6373 0044432  34.1918  13.4208  6.38665192    19
1 08820C 76039A   25102.00000000  .00000000  00000+0  00000+0 0  1027
2 08820 109.8631  31.6372 0044431  34.1937  13.4188  6.38665201    16
1 08820C 76039A   25102.00000000  .00000000  00000+0  00000+0 0  1027
2 08820 109.8632  31.6371 0044431  34.1925  13.4199  6.38665209    24
1 08820C 76039A   25103.00000000  .00000000  00000+0  00000+0 0  1039
2 08820 109.8631  31.9801 0044436  33.9802 152.6143  6.38665181    13
1 08820C 76039A   25103.00000000  .00000000  00000+0  00000+0 0  1039
2 08820 109.8632  31.9799 0044435  33.9810 152.6134  6.38665190    18
1 08820C 76039A   25103.00000000  .00000000  00000+0  00000+0 0  1039
2 08820 109.8632  31.9798 0044435  33.9819 152.6123  6.38665208    14
1 08820C 76039A   25104.00000000  .00000000  00000+0  00000+0 0  1041
2 08820 109.8631  32.3228 0044438  33.7666 291.8098  6.38665165    16
1 08820C 76039A   25104.00000000  .00000000  00000+0  00000+0 0  1041
2 08820 109.8632  32.3227 0044438  33.7695 291.8069  6.38665172    14
1 08820C 76039A   25104.00000000  .00000000  00000+0  00000+0 0  1041
2 08820 109.8632  32.3226 0044436  33.7692 291.8070  6.38665188    17
1 08820C 76039A   25105.00000000  .00000000  00000+0  00000+0 0  1053
2 08820 109.8631  32.6655 0044441  33.5506  71.0077  6.38665149    15
1 08820C 76039A   25105.00000000  .00000000  00000+0  00000+0 0  1053
2 08820 109.8632  32.6654 0044440  33.5530  71.0052  6.38665158    14
1 08820C 76039A   25105.00000000  .00000000  00000+0  00000+0 0  1053
2 08820 109.8632  32.6653 0044440  33.5541  71.0040  6.38665159    13
1 08820C 76039A   25106.00000000  .00000000  00000+0  00000+0 0  1065
2 08820 109.8631  33.0083 0044444  33.3375 210.2025  6.38665140    11
1 08820C 76039A   25106.00000000  .00000000  00000+0  00000+0 0  1065
2 08820 109.8631  33.0082 0044444  33.3380 210.2020  6.38665141    12
1 08820C 76039A   25106.00000000  .00000000  00000+0  00000+0 0  1065
2 08820 109.8632  33.0081 0044442  33.3397 210.2001  6.38665157    14
1 08820C 76039A   25107.00000000  .00000000  00000+0  00000+0 0  1077
2 08820 109.8631  33.3509 0044445  33.1234 349.3984  6.38665130    17
1 08820C 76039A   25107.00000000  .00000000  00000+0  00000+0 0  1077
2 08820 109.8631  33.3510 0044447  33.1231 349.3986  6.38665133    13
1 08820C 76039A   25107.00000000  .00000000  00000+0  00000+0 0  1077
2 08820 109.8632  33.3508 0044444  33.1238 349.3979  6.38665135    20
1 08820C 76039A   25108.00000000  .00000000  00000+0  00000+0 0  1089
2 08820 109.8631  33.6937 0044449  32.9092 128.5941  6.38665131    19
1 08820C 76039A   25108.00000000  .00000000  00000+0  00000+0 0  1089
2 08820 109.8631  33.6935 0044448  32.9088 128.5945  6.38665136    10
1 08820C 76039A   25109.00000000  .00000000  00000+0  00000+0 0  1091
2 08820 109.8631  34.0364 0044454  32.7002 267.7847  6.38665129    11
1 08820C 76039A   25109.00000000  .00000000  00000+0  00000+0 0  1091
2 08820 109.8631  34.0363 0044452  32.6986 267.7863  6.38665133    11
1 08820C 76039A   25110.00000000  .00000000  00000+0  00000+0 0  1105
2 08820 109.8631  34.3790 0044456  32.4867  46.9797  6.38665129    16
1 08820C 76039A   25110.00000000  .00000000  00000+0  00000+0 0  1105
2 08820 109.8631  34.3791 0044457  32.4913  46.9751  6.38665132    14
1 08820C 76039A   25111.00000000  .00000000  00000+0  00000+0 0  1117
2 08820 109.8632  34.7220 0044464  32.2852 186.1629  6.38665115    16
1 08820C 76039A   25111.00000000  .00000000  00000+0  00000+0 0  1117
2 08820 109.8632  34.7219 0044463  32.2833 186.1647  6.38665126    14
1 08820C 76039A   25111.00000000  .00000000  00000+0  00000+0 0  1117
2 08820 109.8631  34.7217 0044462  32.2820 186.1660  6.38665139    15
1 08820C 76039A   25112.00000000  .00000000  00000+0  00000+0 0  1129
2 08820 109.8632  35.0646 0044466  32.0768 325.3530  6.38665105    15
1 08820C 76039A   25112.00000000  .00000000  00000+0  00000+0 0  1129
2 08820 109.8632  35.0645 0044465  32.0761 325.3535  6.38665119    16
1 08820C 76039A   25113.00000000  .00000000  00000+0  00000+0 0  1131
2 08820 109.8633  35.4075 0044471  31.8647 104.5469  6.38665076    10
1 08820C 76039A   25113.00000000  .00000000  00000+0  00000+0 0  1131
2 08820 109.8633  35.4075 0044471  31.8647 104.5469  6.38665077    11
1 08820C 76039A   25113.00000000  .00000000  00000+0  00000+0 0  1131
2 08820 109.8633  35.4074 0044470  31.8654 104.5460  6.38665086    18
1 08820C 76039A   25113.00000000  .00000000  00000+0  00000+0 0  1131
2 08820 109.8633  35.4072 0044470  31.8686 104.5427  6.38665096    15
1 08820C 76039A   25114.00000000  .00000000  00000+0  00000+0 0  1143
2 08820 109.8633  35.7502 0044474  31.6557 243.7373  6.38665065    17
1 08820C 76039A   25114.00000000  .00000000  00000+0  00000+0 0  1143
2 08820 109.8633  35.7503 0044474  31.6558 243.7373  6.38665068    12
1 08820C 76039A   25114.00000000  .00000000  00000+0  00000+0 0  1143
2 08820 109.8633  35.7500 0044473  31.6582 243.7347  6.38665089    19
1 08820C 76039A   25115.00000000  .00000000  00000+0  00000+0 0  1155
2 08820 109.8633  36.0928 0044475  31.4416  22.9329  6.38665059    17
1 08820C 76039A   25115.00000000  .00000000  00000+0  00000+0 0  1155
2 08820 109.8633  36.0929 0044476  31.4435  22.9309  6.38665059    18
1 08820C 76039A   25116.00000000  .00000000  00000+0  00000+0 0  1167
2 08820 109.8633  36.4356 0044478  31.2297 162.1260  6.38665053    19
1 08820C 76039A   25116.00000000  .00000000  00000+0  00000+0 0  1167
2 08820 109.8633  36.4357 0044479  31.2315 162.1241  6.38665071    11
1 08820C 76039A   25116.00000000  .00000000  00000+0  00000+0 0  1167
2 08820 109.8632  36.4358 0044480  31.2345 162.1211  6.38665079    11
1 08820C 76039A   25117.00000000  .00000000  00000+0  00000+0 0  1179
2 08820 109.8632  36.7783 0044480  31.0192 301.3177  6.38665083    17
1 08820C 76039A   25117.00000000  .00000000  00000+0  00000+0 0  1179
2 08820 109.8632  36.7784 0044482  31.0232 301.3137  6.38665087    15
1 08820C 76039A   25117.00000000  .00000000  00000+0  00000+0 0  1179
2 08820 109.8632  36.7785 0044482  31.0260 301.3108  6.38665098    17
1 08820C 76039A   25118.00000000  .00000000  00000+0  00000+0 0  1181
2 08820 109.8631  37.1211 0044484  30.8115  80.5066  6.38665097    11
1 08820C 76039A   25118.00000000  .00000000  00000+0  00000+0 0  1181
2 08820 109.8631  37.1212 0044484  30.8148  80.5033  6.38665109    16
1 08820C 76039A   25118.00000000  .00000000  00000+0  00000+0 0  1181
2 08820 109.8631  37.1213 0044485  30.8169  80.5012  6.38665112    12
1 08820C 76039A   25118.00000000  .00000000  00000+0  00000+0 0  1181
2 08820 109.8631  37.1213 0044485  30.8169  80.5013  6.38665112    13
1 08820C 76039A   25119.00000000  .00000000  00000+0  00000+0 0  1193
2 08820 109.8630  37.4639 0044488  30.6081 219.6914  6.38665123    18
1 08820C 76039A   25119.00000000  .00000000  00000+0  00000+0 0  1193
2 08820 109.8630  37.4640 0044489  30.6098 219.6897  6.38665126    12
1 08820C 76039A   25119.00000000  .00000000  00000+0  00000+0 0  1193
2 08820 109.8630  37.4638 0044488  30.6067 219.6927  6.38665127    19
1 08820C 76039A   25120.00000000  .00000000  00000+0  00000+0 0  1207
2 08820 109.8629  37.8067 0044490  30.4015 358.8795  6.38665128    11
1 08820C 76039A   25120.00000000  .00000000  00000+0  00000+0 0  1207
2 08820 109.8630  37.8065 0044490  30.4014 358.8795  6.38665129    22
1 08820C 76039A   25120.00000000  .00000000  00000+0  00000+0 0  1207
2 08820 109.8629  37.8068 0044490  30.4004 358.8806  6.38665133    19
1 08820C 76039A   25121.00000000  .00000000  00000+0  00000+0 0  1219
2 08820 109.8629  38.1493 0044494  30.1946 138.0678  6.38665131    14
1 08820C 76039A   25121.00000000  .00000000  00000+0  00000+0 0  1219
2 08820 109.8629  38.1494 0044492  30.1912 138.0713  6.38665136    11
1 08820C 76039A   25121.00000000  .00000000  00000+0  00000+0 0  1219
2 08820 109.8629  38.1495 0044493  30.1896 138.0728  6.38665140    15
1 08820C 76039A   25122.00000000  .00000000  00000+0  00000+0 0  1221
2 08820 109.8629  38.4920 0044495  29.9834 277.2606  6.38665141    13
1 08820C 76039A   25122.00000000  .00000000  00000+0  00000+0 0  1221
2 08820 109.8629  38.4922 0044495  29.9805 277.2635  6.38665141    15
1 08820C 76039A   25122.00000000  .00000000  00000+0  00000+0 0  1221
2 08820 109.8629  38.4923 0044495  29.9784 277.2656  6.38665152    17
1 08820C 76039A   25123.00000000  .00000000  00000+0  00000+0 0  1233
2 08820 109.8629  38.8348 0044496  29.7684  56.4572  6.38665141    12
1 08820C 76039A   25123.00000000  .00000000  00000+0  00000+0 0  1233
2 08820 109.8629  38.8349 0044496  29.7661  56.4595  6.38665153    16
1 08820C 76039A   25123.00000000  .00000000  00000+0  00000+0 0  1233
2 08820 109.8628  38.8350 0044496  29.7635  56.4620  6.38665163    18
1 08820C 76039A   25124.00000000  .00000000  00000+0  00000+0 0  1245
2 08820 109.8628  39.1775 0044498  29.5531 195.6540  6.38665166    18
1 08820C 76039A   25124.00000000  .00000000  00000+0  00000+0 0  1245
2 08820 109.8628  39.1777 0044497  29.5504 195.6567  6.38665171    14
1 08820C 76039A   25124.00000000  .00000000  00000+0  00000+0 0  1245
2 08820 109.8628  39.1778 0044498  29.5496 195.6574  6.38665178    11
1 08820C 76039A   25125.00000000  .00000000  00000+0  00000+0 0  1257
2 08820 109.8628  39.5203 0044498  29.3340 334.8547  6.38665179    23
1 08820C 76039A   25125.00000000  .00000000  00000+0  00000+0 0  1257
2 08820 109.8628  39.5204 0044499  29.3364 334.8522  6.38665184    19
1 08820C 76039A   25125.00000000  .00000000  00000+0  00000+0 0  1257
2 08820 109.8628  39.5205 0044499  29.3364 334.8523  6.38665193    11
1 08820C 76039A   25126.00000000  .00000000  00000+0  00000+0 0  1269
2 08820 109.8628  39.8630 0044500  29.1185 114.0518  6.38665191    18
1 08820C 76039A   25126.00000000  .00000000  00000+0  00000+0 0  1269
2 08820 109.8628  39.8632 0044501  29.1223 114.0480  6.38665199    10
1 08820C 76039A   25126.00000000  .00000000  00000+0  00000+0 0  1269
2 08820 109.8628  39.8633 0044502  29.1232 114.0471  6.38665201    16
1 08820C 76039A   25127.00000000  .00000000  00000+0  00000+0 0  1271
2 08820 109.8627  40.2060 0044504  28.9113 253.2408  6.38665208    15
1 08820C 76039A   25127.00000000  .00000000  00000+0  00000+0 0  1271
2 08820 109.8627  40.2061 0044505  28.9133 253.2388  6.38665209    17
1 08820C 76039A   25127.00000000  .00000000  00000+0  00000+0 0  1271
2 08820 109.8628  40.2058 0044503  28.9088 253.2432  6.38665215    18
1 08820C 76039A   25128.00000000  .00000000  00000+0  00000+0 0  1283
2 08820 109.8627  40.5486 0044505  28.6987  32.4351  6.38665206    19
1 08820C 76039A   25128.00000000  .00000000  00000+0  00000+0 0  1283
2 08820 109.8627  40.5487 0044506  28.7018  32.4320  6.38665209    16
1 08820C 76039A   25128.00000000  .00000000  00000+0  00000+0 0  1283
2 08820 109.8627  40.5488 0044507  28.7022  32.4318  6.38665209    10
1 08820C 76039A   25129.00000000  .00000000  00000+0  00000+0 0  1295
2 08820 109.8626  40.8916 0044510  28.4923 171.6235  6.38665203    17
1 08820C 76039A   25129.00000000  .00000000  00000+0  00000+0 0  1295
2 08820 109.8626  40.8915 0044509  28.4915 171.6242  6.38665210    11
1 08820C 76039A   25129.00000000  .00000000  00000+0  00000+0 0  1295
2 08820 109.8627  40.8914 0044508  28.4906 171.6250  6.38665226    16
1 08820C 76039A   25130.00000000  .00000000  00000+0  00000+0 0  1309
2 08820 109.8626  41.2344 0044512  28.2822 310.8155  6.38665195    13
1 08820C 76039A   25130.00000000  .00000000  00000+0  00000+0 0  1309
2 08820 109.8626  41.2343 0044512  28.2834 310.8143  6.38665201    10
1 08820C 76039A   25130.00000000  .00000000  00000+0  00000+0 0  1309
2 08820 109.8626  41.2341 0044511  28.2840 310.8135  6.38665226    12
1 08820C 76039A   25131.00000000  .00000000  00000+0  00000+0 0  1311
2 08820 109.8625  41.5771 0044514  28.0685  90.0112  6.38665179    18
1 08820C 76039A   25131.00000000  .00000000  00000+0  00000+0 0  1311
2 08820 109.8625  41.5769 0044514  28.0730  90.0065  6.38665186    11
1 08820C 76039A   25131.00000000  .00000000  00000+0  00000+0 0  1311
2 08820 109.8625  41.5770 0044513  28.0714  90.0082  6.38665189    16
1 08820C 76039A   25132.00000000  .00000000  00000+0  00000+0 0  1323
2 08820 109.8624  41.9199 0044517  27.8565 229.2052  6.38665161    12
1 08820C 76039A   25132.00000000  .00000000  00000+0  00000+0 0  1323
2 08820 109.8624  41.9198 0044517  27.8582 229.2033  6.38665174    13
1 08820C 76039A   25132.00000000  .00000000  00000+0  00000+0 0  1323
2 08820 109.8625  41.9197 0044516  27.8598 229.2016  6.38665185    12
1 08820C 76039A   25133.00000000  .00000000  00000+0  00000+0 0  1335
2 08820 109.8623  42.2627 0044518  27.6415   8.4020  6.38665144    17
1 08820C 76039A   25133.00000000  .00000000  00000+0  00000+0 0  1335
2 08820 109.8623  42.2627 0044518  27.6415   8.4020  6.38665144    17
1 08820C 76039A   25133.00000000  .00000000  00000+0  00000+0 0  1335
2 08820 109.8624  42.2626 0044518  27.6445   8.3990  6.38665152    14
1 08820C 76039A   25133.00000000  .00000000  00000+0  00000+0 0  1335
2 08820 109.8624  42.2624 0044518  27.6448   8.3984  6.38665174    23
1 08820C 76039A   25134.00000000  .00000000  00000+0  00000+0 0  1347
2 08820 109.8622  42.6054 0044522  27.4270 147.5984  6.38665125    19
1 08820C 76039A   25134.00000000  .00000000  00000+0  00000+0 0  1347
2 08820 109.8623  42.6053 0044520  27.4277 147.5975  6.38665133    13
1 08820C 76039A   25134.00000000  .00000000  00000+0  00000+0 0  1347
2 08820 109.8623  42.6052 0044521  27.4303 147.5949  6.38665147    19
1 08820C 76039A   25135.00000000  .00000000  00000+0  00000+0 0  1359
2 08820 109.8622  42.9481 0044524  27.2159 286.7912  6.38665115    18
1 08820C 76039A   25135.00000000  .00000000  00000+0  00000+0 0  1359
2 08820 109.8622  42.9481 0044523  27.2145 286.7926  6.38665118    10
1 08820C 76039A   25135.00000000  .00000000  00000+0  00000+0 0  1359
2 08820 109.8622  42.9479 0044522  27.2178 286.7891  6.38665132    19
1 08820C 76039A   25136.00000000  .00000000  00000+0  00000+0 0  1361
2 08820 109.8621  43.2907 0044525  27.0002  65.9885  6.38665102    12
1 08820C 76039A   25136.00000000  .00000000  00000+0  00000+0 0  1361
2 08820 109.8621  43.2908 0044525  27.0021  65.9866  6.38665107    18
1 08820C 76039A   25136.00000000  .00000000  00000+0  00000+0 0  1361
2 08820 109.8621  43.2909 0044526  27.0038  65.9849  6.38665109    11
1 08820C 76039A   25137.00000000  .00000000  00000+0  00000+0 0  1373
2 08820 109.8620  43.6336 0044530  26.7951 205.1752  6.38665105    10
1 08820C 76039A   25137.00000000  .00000000  00000+0  00000+0 0  1373
2 08820 109.8620  43.6334 0044528  26.7903 205.1799  6.38665106    14
1 08820C 76039A   25137.00000000  .00000000  00000+0  00000+0 0  1373
2 08820 109.8620  43.6335 0044528  26.7917 205.1785  6.38665106    15
1 08820C 76039A   25138.00000000  .00000000  00000+0  00000+0 0  1385
2 08820 109.8620  43.9764 0044532  26.5877 344.3641  6.38665103    16
1 08820C 76039A   25138.00000000  .00000000  00000+0  00000+0 0  1385
2 08820 109.8620  43.9763 0044531  26.5854 344.3664  6.38665104    15
1 08820C 76039A   25138.00000000  .00000000  00000+0  00000+0 0  1385
2 08820 109.8620  43.9761 0044530  26.5819 344.3698  6.38665105    22
1 08820C 76039A   25139.00000000  .00000000  00000+0  00000+0 0  1397
2 08820 109.8620  44.3191 0044534  26.3785 123.5549  6.38665091    13
1 08820C 76039A   25139.00000000  .00000000  00000+0  00000+0 0  1397
2 08820 109.8619  44.3190 0044533  26.3780 123.5553  6.38665099    17
1 08820C 76039A   25139.00000000  .00000000  00000+0  00000+0 0  1397
2 08820 109.8619  44.3189 0044533  26.3767 123.5566  6.38665107    14
1 08820C 76039A   25140.00000000  .00000000  00000+0  00000+0 0  1401
2 08820 109.8619  44.6619 0044537  26.1709 262.7441  6.38665075    15
1 08820C 76039A   25140.00000000  .00000000  00000+0  00000+0 0  1401
2 08820 109.8619  44.6618 0044537  26.1707 262.7442  6.38665088    17
1 08820C 76039A   25140.00000000  .00000000  00000+0  00000+0 0  1401
2 08820 109.8619  44.6616 0044536  26.1709 262.7438  6.38665105    11
1 08820C 76039A   25141.00000000  .00000000  00000+0  00000+0 0  1413
2 08820 109.8619  45.0047 0044539  25.9606  41.9360  6.38665058    18
1 08820C 76039A   25141.00000000  .00000000  00000+0  00000+0 0  1413
2 08820 109.8619  45.0046 0044539  25.9622  41.9343  6.38665065    14
1 08820C 76039A   25141.00000000  .00000000  00000+0  00000+0 0  1413
2 08820 109.8619  45.0044 0044538  25.9622  41.9342  6.38665094    12
1 08820C 76039A   25142.00000000  .00000000  00000+0  00000+0 0  1425
2 08820 109.8618  45.3474 0044542  25.7500 181.1281  6.38665044    13
1 08820C 76039A   25142.00000000  .00000000  00000+0  00000+0 0  1425
2 08820 109.8618  45.3473 0044541  25.7502 181.1278  6.38665047    12
1 08820C 76039A   25142.00000000  .00000000  00000+0  00000+0 0  1425
2 08820 109.8619  45.3472 0044541  25.7514 181.1266  6.38665049    14
1 08820C 76039A   25143.00000000  .00000000  00000+0  00000+0 0  1437
2 08820 109.8618  45.6900 0044543  25.5401 320.3193  6.38665037    10
1 08820C 76039A   25143.00000000  .00000000  00000+0  00000+0 0  1437
2 08820 109.8618  45.6901 0044544  25.5395 320.3199  6.38665038    11
1 08820C 76039A   25143.00000000  .00000000  00000+0  00000+0 0  1437
2 08820 109.8617  45.6902 0044544  25.5413 320.3181  6.38665043    19
1 08820C 76039A   25144.00000000  .00000000  00000+0  00000+0 0  1449
2 08820 109.8617  46.0327 0044545  25.3264  99.5143  6.38665024    10
1 08820C 76039A   25144.00000000  .00000000  00000+0  00000+0 0  1449
2 08820 109.8617  46.0328 0044545  25.3289  99.5118  6.38665041    19
1 08820C 76039A   25144.00000000  .00000000  00000+0  00000+0 0  1449
2 08820 109.8616  46.0329 0044546  25.3305  99.5101  6.38665051    12
1 08820C 76039A   25145.00000000  .00000000  00000+0  00000+0 0  1451
2 08820 109.8616  46.3755 0044548  25.1154 238.7065  6.38665046    10
1 08820C 76039A   25145.00000000  .00000000  00000+0  00000+0 0  1451
2 08820 109.8615  46.3756 0044548  25.1186 238.7032  6.38665060    15
1 08820C 76039A   25145.00000000  .00000000  00000+0  00000+0 0  1451
2 08820 109.8615  46.3757 0044549  25.1218 238.6999  6.38665067    11
1 08820C 76039A   25146.00000000  .00000000  00000+0  00000+0 0  1463
2 08820 109.8614  46.7183 0044551  24.9122  17.8908  6.38665079    11
1 08820C 76039A   25146.00000000  .00000000  00000+0  00000+0 0  1463
2 08820 109.8614  46.7184 0044551  24.9148  17.8881  6.38665087    19
1 08820C 76039A   25146.00000000  .00000000  00000+0  00000+0 0  1463
2 08820 109.8614  46.7182 0044549  24.9079  17.8950  6.38665092    21
1 08820C 76039A   25147.00000000  .00000000  00000+0  00000+0 0  1475
2 08820 109.8612  47.0610 0044552  24.7052 157.0790  6.38665096    14
1 08820C 76039A   25147.00000000  .00000000  00000+0  00000+0 0  1475
2 08820 109.8613  47.0609 0044552  24.7010 157.0833  6.38665100    11
1 08820C 76039A   25147.00000000  .00000000  00000+0  00000+0 0  1475
2 08820 109.8612  47.0611 0044553  24.7055 157.0787  6.38665101    12
1 08820C 76039A   25148.00000000  .00000000  00000+0  00000+0 0  1487
2 08820 109.8611  47.4036 0044555  24.4980 296.2675  6.38665107    10
1 08820C 76039A   25148.00000000  .00000000  00000+0  00000+0 0  1487
2 08820 109.8611  47.4038 0044556  24.4976 296.2679  6.38665109    14
1 08820C 76039A   25148.00000000  .00000000  00000+0  00000+0 0  1487
2 08820 109.8611  47.4038 0044556  24.4979 296.2677  6.38665110    17
1 08820C 76039A   25148.00000000  .00000000  00000+0  00000+0 0  1487
2 08820 109.8611  47.4038 0044556  24.4979 296.2677  6.38665111    18
1 08820C 76039A   25149.00000000  .00000000  00000+0  00000+0 0  1499
2 08820 109.8610  47.7465 0044557  24.2895  75.4575  6.38665113    16
1 08820C 76039A   25149.00000000  .00000000  00000+0  00000+0 0  1499
2 08820 109.8610  47.7464 0044557  24.2899  75.4571  6.38665115    17
1 08820C 76039A   25149.00000000  .00000000  00000+0  00000+0 0  1499
2 08820 109.8610  47.7465 0044558  24.2871  75.4599  6.38665118    12
1 08820C 76039A   25150.00000000  .00000000  00000+0  00000+0 0  1503
2 08820 109.8609  48.0891 0044560  24.0808 214.6478  6.38665117    10
1 08820C 76039A   25150.00000000  .00000000  00000+0  00000+0 0  1503
2 08820 109.8609  48.0892 0044559  24.0765 214.6520  6.38665119    11
1 08820C 76039A   25150.00000000  .00000000  00000+0  00000+0 0  1503
2 08820 109.8609  48.0893 0044561  24.0740 214.6546  6.38665123    11
1 08820C 76039A   25151.00000000  .00000000  00000+0  00000+0 0  1515
2 08820 109.8608  48.4319 0044562  23.8629 353.8471  6.38665128    19
1 08820C 76039A   25151.00000000  .00000000  00000+0  00000+0 0  1515
2 08820 109.8608  48.4318 0044562  23.8692 353.8408  6.38665133    25
1 08820C 76039A   25151.00000000  .00000000  00000+0  00000+0 0  1515
2 08820 109.8608  48.4320 0044563  23.8616 353.8485  6.38665133    19
1 08820C 76039A   25152.00000000  .00000000  00000+0  00000+0 0  1527
2 08820 109.8607  48.7745 0044563  23.6512 133.0404  6.38665125    15
1 08820C 76039A   25152.00000000  .00000000  00000+0  00000+0 0  1527
2 08820 109.8607  48.7746 0044563  23.6481 133.0435  6.38665135    16
1 08820C 76039A   25152.00000000  .00000000  00000+0  00000+0 0  1527
2 08820 109.8607  48.7747 0044564  23.6459 133.0456  6.38665143    15
1 08820C 76039A   25153.00000000  .00000000  00000+0  00000+0 0  1539
2 08820 109.8606  49.1172 0044565  23.4331 272.2400  6.38665129    18
1 08820C 76039A   25153.00000000  .00000000  00000+0  00000+0 0  1539
2 08820 109.8606  49.1174 0044566  23.4321 272.2410  6.38665149    13
1 08820C 76039A   25153.00000000  .00000000  00000+0  00000+0 0  1539
2 08820 109.8606  49.1174 0044567  23.4327 272.2403  6.38665152    16
1 08820C 76039A   25154.00000000  .00000000  00000+0  00000+0 0  1541
2 08820 109.8605  49.4601 0044568  23.2203  51.4344  6.38665157    11
1 08820C 76039A   25154.00000000  .00000000  00000+0  00000+0 0  1541
2 08820 109.8605  49.4602 0044568  23.2211  51.4335  6.38665161    16
1 08820C 76039A   25154.00000000  .00000000  00000+0  00000+0 0  1541
2 08820 109.8605  49.4600 0044566  23.2184  51.4362  6.38665172    13
1 08820C 76039A   25155.00000000  .00000000  00000+0  00000+0 0  1553
2 08820 109.8604  49.8027 0044569  23.0066 190.6297  6.38665161    10
1 08820C 76039A   25155.00000000  .00000000  00000+0  00000+0 0  1553
2 08820 109.8604  49.8028 0044569  23.0081 190.6282  6.38665163    14
1 08820C 76039A   25155.00000000  .00000000  00000+0  00000+0 0  1553
2 08820 109.8604  49.8029 0044570  23.0089 190.6274  6.38665163    16
1 08820C 76039A   25156.00000000  .00000000  00000+0  00000+0 0  1565
2 08820 109.8603  50.1454 0044571  22.7991 329.8188  6.38665159    16
1 08820C 76039A   25156.00000000  .00000000  00000+0  00000+0 0  1565
2 08820 109.8603  50.1456 0044572  22.8002 329.8177  6.38665163    16
1 08820C 76039A   25156.00000000  .00000000  00000+0  00000+0 0  1565
2 08820 109.8603  50.1456 0044572  22.8002 329.8178  6.38665163    17
1 08820C 76039A   25156.00000000  .00000000  00000+0  00000+0 0  1565
2 08820 109.8603  50.1455 0044572  22.7984 329.8195  6.38665168    18
1 08820C 76039A   25157.00000000  .00000000  00000+0  00000+0 0  1577
2 08820 109.8602  50.4883 0044574  22.5895 109.0102  6.38665159    12
1 08820C 76039A   25157.00000000  .00000000  00000+0  00000+0 0  1577
2 08820 109.8602  50.4882 0044573  22.5902 109.0095  6.38665163    15
1 08820C 76039A   25157.00000000  .00000000  00000+0  00000+0 0  1577
2 08820 109.8602  50.4881 0044573  22.5887 109.0109  6.38665170    10
1 08820C 76039A   25158.00000000  .00000000  00000+0  00000+0 0  1589
2 08820 109.8600  50.8310 0044576  22.3786 248.2029  6.38665148    10
1 08820C 76039A   25158.00000000  .00000000  00000+0  00000+0 0  1589
2 08820 109.8600  50.8310 0044575  22.3793 248.2021  6.38665157    19
1 08820C 76039A   25158.00000000  .00000000  00000+0  00000+0 0  1589
2 08820 109.8601  50.8309 0044575  22.3815 248.1998  6.38665169    18
1 08820C 76039A   25159.00000000  .00000000  00000+0  00000+0 0  1591
2 08820 109.8599  51.1738 0044578  22.1670  27.3963  6.38665135    16
1 08820C 76039A   25159.00000000  .00000000  00000+0  00000+0 0  1591
2 08820 109.8599  51.1736 0044576  22.1696  27.3934  6.38665146    10
1 08820C 76039A   25159.00000000  .00000000  00000+0  00000+0 0  1591
2 08820 109.8599  51.1737 0044577  22.1691  27.3940  6.38665146    14
1 08820C 76039A   25160.00000000  .00000000  00000+0  00000+0 0  1605
2 08820 109.8598  51.5165 0044579  21.9523 166.5928  6.38665117    15
1 08820C 76039A   25160.00000000  .00000000  00000+0  00000+0 0  1605
2 08820 109.8598  51.5164 0044578  21.9555 166.5896  6.38665127    13
1 08820C 76039A   25160.00000000  .00000000  00000+0  00000+0 0  1605
2 08820 109.8598  51.5163 0044579  21.9568 166.5881  6.38665132    17
1 08820C 76039A   25161.00000000  .00000000  00000+0  00000+0 0  1617
2 08820 109.8596  51.8592 0044581  21.7390 305.7879  6.38665095    10
1 08820C 76039A   25161.00000000  .00000000  00000+0  00000+0 0  1617
2 08820 109.8596  51.8591 0044581  21.7402 305.7865  6.38665110    16
1 08820C 76039A   25161.00000000  .00000000  00000+0  00000+0 0  1617
2 08820 109.8597  51.8590 0044580  21.7446 305.7821  6.38665111    16
1 08820C 76039A   25162.00000000  .00000000  00000+0  00000+0 0  1629
2 08820 109.8595  52.2019 0044582  21.5249  84.9837  6.38665076    19
1 08820C 76039A   25162.00000000  .00000000  00000+0  00000+0 0  1629
2 08820 109.8595  52.2018 0044582  21.5259  84.9825  6.38665086    17
1 08820C 76039A   25162.00000000  .00000000  00000+0  00000+0 0  1629
2 08820 109.8595  52.2017 0044581  21.5278  84.9806  6.38665098    18
1 08820C 76039A   25163.00000000  .00000000  00000+0  00000+0 0  1631
2 08820 109.8593  52.5446 0044584  21.3117 224.1785  6.38665058    18
1 08820C 76039A   25163.00000000  .00000000  00000+0  00000+0 0  1631
2 08820 109.8594  52.5445 0044583  21.3109 224.1793  6.38665064    14
1 08820C 76039A   25163.00000000  .00000000  00000+0  00000+0 0  1631
2 08820 109.8594  52.5444 0044584  21.3135 224.1765  6.38665083    13
1 08820C 76039A   25164.00000000  .00000000  00000+0  00000+0 0  1643
2 08820 109.8592  52.8872 0044585  21.1023   3.3694  6.38665045    10
1 08820C 76039A   25164.00000000  .00000000  00000+0  00000+0 0  1643
2 08820 109.8592  52.8872 0044585  21.0992   3.3725  6.38665050    15
1 08820C 76039A   25164.00000000  .00000000  00000+0  00000+0 0  1643
2 08820 109.8593  52.8871 0044585  21.0994   3.3722  6.38665060    26
1 08820C 76039A   25165.00000000  .00000000  00000+0  00000+0 0  1655
2 08820 109.8591  53.2298 0044585  20.8875 142.5655  6.38665032    16
1 08820C 76039A   25165.00000000  .00000000  00000+0  00000+0 0  1655
2 08820 109.8591  53.2299 0044585  20.8904 142.5627  6.38665038    15
1 08820C 76039A   25165.00000000  .00000000  00000+0  00000+0 0  1655
2 08820 109.8591  53.2299 0044585  20.8922 142.5609  6.38665038    15
1 08820C 76039A   25166.00000000  .00000000  00000+0  00000+0 0  1667
2 08820 109.8590  53.5725 0044587  20.6814 281.7530  6.38665027    18
1 08820C 76039A   25166.00000000  .00000000  00000+0  00000+0 0  1667
2 08820 109.8590  53.5726 0044587  20.6843 281.7501  6.38665029    11
1 08820C 76039A   25166.00000000  .00000000  00000+0  00000+0 0  1667
2 08820 109.8590  53.5726 0044586  20.6817 281.7527  6.38665033    14
1 08820C 76039A   25167.00000000  .00000000  00000+0  00000+0 0  1679
2 08820 109.8589  53.9154 0044588  20.4770  60.9387  6.38665022    18
1 08820C 76039A   25167.00000000  .00000000  00000+0  00000+0 0  1679
2 08820 109.8589  53.9153 0044588  20.4763  60.9394  6.38665029    14
1 08820C 76039A   25167.00000000  .00000000  00000+0  00000+0 0  1679
2 08820 109.8589  53.9152 0044587  20.4771  60.9385  6.38665033    16
1 08820C 76039A   25168.00000000  .00000000  00000+0  00000+0 0  1681
2 08820 109.8588  54.2581 0044589  20.2666 200.1305  6.38665009    11
1 08820C 76039A   25168.00000000  .00000000  00000+0  00000+0 0  1681
2 08820 109.8588  54.2580 0044588  20.2679 200.1292  6.38665016    16
1 08820C 76039A   25168.00000000  .00000000  00000+0  00000+0 0  1681
2 08820 109.8588  54.2579 0044589  20.2694 200.1276  6.38665018    16
1 08820C 76039A   25169.00000000  .00000000  00000+0  00000+0 0  1693
2 08820 109.8587  54.6007 0044590  20.0578 339.3205  6.38665005    19
1 08820C 76039A   25169.00000000  .00000000  00000+0  00000+0 0  1693
2 08820 109.8587  54.6006 0044590  20.0605 339.3178  6.38665007    10
1 08820C 76039A   25170.00000000  .00000000  00000+0  00000+0 0  1707
2 08820 109.8586  54.9433 0044591  19.8495 118.5100  6.38664986    17
1 08820C 76039A   25170.00000000  .00000000  00000+0  00000+0 0  1707
2 08820 109.8586  54.9434 0044591  19.8478 118.5118  6.38664989    11
1 08820C 76039A   25171.00000000  .00000000  00000+0  00000+0 0  1719
2 08820 109.8585  55.2860 0044594  19.6371 257.7037  6.38664975    11
1 08820C 76039A   25171.00000000  .00000000  00000+0  00000+0 0  1719
2 08820 109.8585  55.2861 0044593  19.6347 257.7061  6.38664979    15
1 08820C 76039A   25172.00000000  .00000000  00000+0  00000+0 0  1721
2 08820 109.8584  55.6288 0044596  19.4243  36.8975  6.38664983    12
1 08820C 76039A   25172.00000000  .00000000  00000+0  00000+0 0  1721
2 08820 109.8584  55.6287 0044595  19.4254  36.8964  6.38664984    11
1 08820C 76039A   25173.00000000  .00000000  00000+0  00000+0 0  1733
2 08820 109.8583  55.9714 0044596  19.2144 176.0885  6.38664984    14
1 08820C 76039A   25173.00000000  .00000000  00000+0  00000+0 0  1733
2 08820 109.8582  55.9715 0044596  19.2153 176.0875  6.38664993    13
1 08820C 76039A   25174.00000000  .00000000  00000+0  00000+0 0  1745
2 08820 109.8581  56.3141 0044599  19.0062 315.2776  6.38664991    15
1 08820C 76039A   25174.00000000  .00000000  00000+0  00000+0 0  1745
2 08820 109.8580  56.3142 0044599  19.0059 315.2779  6.38665013    10
1 08820C 76039A   25175.00000000  .00000000  00000+0  00000+0 0  1757
2 08820 109.8578  56.6567 0044599  18.7987  94.4660  6.38664999    14
1 08820C 76039A   25175.00000000  .00000000  00000+0  00000+0 0  1757
2 08820 109.8578  56.6568 0044601  18.8014  94.4633  6.38665033    11
1 08820C 76039A   25176.00000000  .00000000  00000+0  00000+0 0  1769
2 08820 109.8576  56.9994 0044603  18.5928 233.6531  6.38665037    16
1 08820C 76039A   25176.00000000  .00000000  00000+0  00000+0 0  1769
2 08820 109.8576  56.9995 0044602  18.5926 233.6533  6.38665044    14
1 08820C 76039A   25177.00000000  .00000000  00000+0  00000+0 0  1771
2 08820 109.8575  57.3420 0044605  18.3865  12.8405  6.38665046    22
1 08820C 76039A   25177.00000000  .00000000  00000+0  00000+0 0  1771
2 08820 109.8574  57.3421 0044606  18.3831  12.8439  6.38665057    14
1 08820C 76039A   25178.00000000  .00000000  00000+0  00000+0 0  1783
2 08820 109.8573  57.6847 0044607  18.1721 152.0362  6.38665062    13
1 08820C 76039A   25178.00000000  .00000000  00000+0  00000+0 0  1783
2 08820 109.8573  57.6848 0044607  18.1721 152.0362  6.38665062    14
1 08820C 76039A   25179.00000000  .00000000  00000+0  00000+0 0  1795
2 08820 109.8572  58.0273 0044611  17.9604 291.2292  6.38665061    19
1 08820C 76039A   25179.00000000  .00000000  00000+0  00000+0 0  1795
2 08820 109.8571  58.0274 0044610  17.9559 291.2337  6.38665067    13
1 08820C 76039A   25180.00000000  .00000000  00000+0  00000+0 0  1809
2 08820 109.8570  58.3700 0044612  17.7473  70.4237  6.38665067    10
1 08820C 76039A   25180.00000000  .00000000  00000+0  00000+0 0  1809
2 08820 109.8570  58.3701 0044613  17.7422  70.4287  6.38665078    13
1 08820C 76039A   25181.00000000  .00000000  00000+0  00000+0 0  1811
2 08820 109.8569  58.7126 0044615  17.5281 209.6242  6.38665078    16
1 08820C 76039A   25181.00000000  .00000000  00000+0  00000+0 0  1811
2 08820 109.8569  58.7127 0044614  17.5266 209.6256  6.38665082    19
1 08820C 76039A   25181.00000000  .00000000  00000+0  00000+0 0  1811
2 08820 109.8569  58.7127 0044616  17.5256 209.6266  6.38665087    16
1 08820C 76039A   25182.00000000  .00000000  00000+0  00000+0 0  1823
2 08820 109.8568  59.0554 0044618  17.3122 348.8214  6.38665090    18
1 08820C 76039A   25182.00000000  .00000000  00000+0  00000+0 0  1823
2 08820 109.8568  59.0554 0044618  17.3143 348.8193  6.38665090    17
1 08820C 76039A   25183.00000000  .00000000  00000+0  00000+0 0  1835
2 08820 109.8566  59.3980 0044619  17.1030 128.0119  6.38665093    14
1 08820C 76039A   25183.00000000  .00000000  00000+0  00000+0 0  1835
2 08820 109.8566  59.3980 0044618  17.1024 128.0125  6.38665096    16
1 08820C 76039A   25183.00000000  .00000000  00000+0  00000+0 0  1835
2 08820 109.8567  59.3979 0044618  17.1024 128.0125  6.38665098    17
1 08820C 76039A   25184.00000000  .00000000  00000+0  00000+0 0  1847
2 08820 109.8565  59.7406 0044620  16.8918 267.2046  6.38665080    14
1 08820C 76039A   25184.00000000  .00000000  00000+0  00000+0 0  1847
2 08820 109.8565  59.7407 0044621  16.8918 267.2047  6.38665091    19
1 08820C 76039A   25184.00000000  .00000000  00000+0  00000+0 0  1847
2 08820 109.8565  59.7406 0044619  16.8908 267.2056  6.38665093    16
1 08820C 76039A   25185.00000000  .00000000  00000+0  00000+0 0  1859
2 08820 109.8564  60.0832 0044621  16.6848  46.3930  6.38665078    17
1 08820C 76039A   25185.00000000  .00000000  00000+0  00000+0 0  1859
2 08820 109.8563  60.0833 0044622  16.6826  46.3953  6.38665084    16
1 08820C 76039A   25185.00000000  .00000000  00000+0  00000+0 0  1859
2 08820 109.8563  60.0833 0044622  16.6822  46.3957  6.38665093    16
1 08820C 76039A   25186.00000000  .00000000  00000+0  00000+0 0  1861
2 08820 109.8561  60.4260 0044622  16.4701 185.5893  6.38665077    13
1 08820C 76039A   25186.00000000  .00000000  00000+0  00000+0 0  1861
2 08820 109.8562  60.4259 0044621  16.4722 185.5871  6.38665084    18
1 08820C 76039A   25186.00000000  .00000000  00000+0  00000+0 0  1861
2 08820 109.8562  60.4258 0044622  16.4727 185.5865  6.38665104    19
1 08820C 76039A   25187.00000000  .00000000  00000+0  00000+0 0  1873
2 08820 109.8560  60.7686 0044624  16.2575 324.7834  6.38665062    12
1 08820C 76039A   25187.00000000  .00000000  00000+0  00000+0 0  1873
2 08820 109.8560  60.7685 0044624  16.2611 324.7796  6.38665071    19
1 08820C 76039A   25187.00000000  .00000000  00000+0  00000+0 0  1873
2 08820 109.8560  60.7686 0044623  16.2592 324.7817  6.38665072    12
1 08820C 76039A   25188.00000000  .00000000  00000+0  00000+0 0  1885
2 08820 109.8558  61.1112 0044625  16.0438 103.9786  6.38665046    10
1 08820C 76039A   25188.00000000  .00000000  00000+0  00000+0 0  1885
2 08820 109.8558  61.1111 0044624  16.0468 103.9754  6.38665059    10
1 08820C 76039A   25188.00000000  .00000000  00000+0  00000+0 0  1885
2 08820 109.8558  61.1112 0044624  16.0467 103.9755  6.38665060    13
1 08820C 76039A   25189.00000000  .00000000  00000+0  00000+0 0  1897
2 08820 109.8556  61.4538 0044626  15.8281 243.1758  6.38665028    13
1 08820C 76039A   25189.00000000  .00000000  00000+0  00000+0 0  1897
2 08820 109.8556  61.4538 0044625  15.8304 243.1733  6.38665038    12
1 08820C 76039A   25189.00000000  .00000000  00000+0  00000+0 0  1897
2 08820 109.8557  61.4537 0044626  15.8334 243.1702  6.38665050    16
1 08820C 76039A   25190.00000000  .00000000  00000+0  00000+0 0  1901
2 08820 109.8555  61.7965 0044626  15.6143  22.3710  6.38665004    13
1 08820C 76039A   25190.00000000  .00000000  00000+0  00000+0 0  1901
2 08820 109.8555  61.7964 0044627  15.6145  22.3707  6.38665019    17
1 08820C 76039A   25190.00000000  .00000000  00000+0  00000+0 0  1901
2 08820 109.8555  61.7964 0044627  15.6206  22.3645  6.38665028    27
1 08820C 76039A   25191.00000000  .00000000  00000+0  00000+0 0  1913
2 08820 109.8553  62.1391 0044626  15.4008 161.5659  6.38664984    11
1 08820C 76039A   25191.00000000  .00000000  00000+0  00000+0 0  1913
2 08820 109.8553  62.1391 0044626  15.4004 161.5662  6.38664996    14
1 08820C 76039A   25191.00000000  .00000000  00000+0  00000+0 0  1913
2 08820 109.8553  62.1390 0044626  15.4007 161.5658  6.38665008    16
1 08820C 76039A   25192.00000000  .00000000  00000+0  00000+0 0  1925
2 08820 109.8552  62.4817 0044626  15.1894 300.7586  6.38664965    11
1 08820C 76039A   25192.00000000  .00000000  00000+0  00000+0 0  1925
2 08820 109.8552  62.4817 0044626  15.1867 300.7612  6.38664971    18
1 08820C 76039A   25192.00000000  .00000000  00000+0  00000+0 0  1925
2 08820 109.8552  62.4816 0044627  15.1863 300.7615  6.38664980    17
1 08820C 76039A   25193.00000000  .00000000  00000+0  00000+0 0  1937
2 08820 109.8551  62.8243 0044626  14.9765  79.9526  6.38664948    11
1 08820C 76039A   25193.00000000  .00000000  00000+0  00000+0 0  1937
2 08820 109.8550  62.8243 0044625  14.9802  79.9489  6.38664949    10
1 08820C 76039A   25193.00000000  .00000000  00000+0  00000+0 0  1937
2 08820 109.8550  62.8243 0044626  14.9777  79.9514  6.38664957    10
1 08820C 76039A   25194.00000000  .00000000  00000+0  00000+0 0  1949
2 08820 109.8549  63.1670 0044624  14.7699 219.1403  6.38664939    10
1 08820C 76039A   25194.00000000  .00000000  00000+0  00000+0 0  1949
2 08820 109.8549  63.1669 0044624  14.7690 219.1412  6.38664942    13
1 08820C 76039A   25194.00000000  .00000000  00000+0  00000+0 0  1949
2 08820 109.8549  63.1669 0044625  14.7694 219.1407  6.38664948    18
1 08820C 76039A   25195.00000000  .00000000  00000+0  00000+0 0  1951
2 08820 109.8548  63.5095 0044624  14.5635 358.3277  6.38664929    27
1 08820C 76039A   25195.00000000  .00000000  00000+0  00000+0 0  1951
2 08820 109.8548  63.5096 0044624  14.5616 358.3296  6.38664929    17
1 08820C 76039A   25195.00000000  .00000000  00000+0  00000+0 0  1951
2 08820 109.8548  63.5096 0044624  14.5604 358.3308  6.38664932    12
1 08820C 76039A   25196.00000000  .00000000  00000+0  00000+0 0  1963
2 08820 109.8547  63.8522 0044624  14.3515 137.5206  6.38664922    10
1 08820C 76039A   25196.00000000  .00000000  00000+0  00000+0 0  1963
2 08820 109.8547  63.8522 0044623  14.3534 137.5187  6.38664926    12
1 08820C 76039A   25196.00000000  .00000000  00000+0  00000+0 0  1963
2 08820 109.8547  63.8522 0044623  14.3529 137.5192  6.38664929    15
1 08820C 76039A   25197.00000000  .00000000  00000+0  00000+0 0  1975
2 08820 109.8546  64.1948 0044624  14.1413 276.7116  6.38664916    19
1 08820C 76039A   25197.00000000  .00000000  00000+0  00000+0 0  1975
2 08820 109.8545  64.1949 0044625  14.1400 276.7130  6.38664917    13
1 08820C 76039A   25197.00000000  .00000000  00000+0  00000+0 0  1975
2 08820 109.8545  64.1949 0044623  14.1409 276.7121  6.38664918    11
1 08820C 76039A   25198.00000000  .00000000  00000+0  00000+0 0  1987
2 08820 109.8544  64.5375 0044626  13.9295  55.9043  6.38664909    10
1 08820C 76039A   25198.00000000  .00000000  00000+0  00000+0 0  1987
2 08820 109.8544  64.5374 0044624  13.9316  55.9022  6.38664910    10
1 08820C 76039A   25198.00000000  .00000000  00000+0  00000+0 0  1987
2 08820 109.8544  64.5375 0044625  13.9295  55.9043  6.38664914    15
1 08820C 76039A   25199.00000000  .00000000  00000+0  00000+0 0  1999
2 08820 109.8543  64.8801 0044626  13.7174 195.0972  6.38664906    14
1 08820C 76039A   25199.00000000  .00000000  00000+0  00000+0 0  1999
2 08820 109.8543  64.8801 0044625  13.7168 195.0978  6.38664911    18
1 08820C 76039A   25199.00000000  .00000000  00000+0  00000+0 0  1999
2 08820 109.8542  64.8801 0044627  13.7169 195.0977  6.38664911    19
1 08820C 76039A   25200.00000000  .00000000  00000+0  00000+0 0  2005
2 08820 109.8541  65.2227 0044628  13.5055 334.2899  6.38664888    11
1 08820C 76039A   25200.00000000  .00000000  00000+0  00000+0 0  2005
2 08820 109.8541  65.2227 0044628  13.5038 334.2916  6.38664910    18
1 08820C 76039A   25200.00000000  .00000000  00000+0  00000+0 0  2005
2 08820 109.8541  65.2227 0044629  13.5071 334.2882  6.38664916    14
1 08820C 76039A   25201.00000000  .00000000  00000+0  00000+0 0  2017
2 08820 109.8539  65.5653 0044628  13.2940 113.4821  6.38664908    19
1 08820C 76039A   25201.00000000  .00000000  00000+0  00000+0 0  2017
2 08820 109.8539  65.5653 0044629  13.2956 113.4805  6.38664922    15
1 08820C 76039A   25201.00000000  .00000000  00000+0  00000+0 0  2017
2 08820 109.8539  65.5653 0044629  13.2978 113.4782  6.38664925    16
1 08820C 76039A   25202.00000000  .00000000  00000+0  00000+0 0  2029
2 08820 109.8537  65.9079 0044630  13.0857 252.6710  6.38664934    13
1 08820C 76039A   25202.00000000  .00000000  00000+0  00000+0 0  2029
2 08820 109.8537  65.9079 0044630  13.0832 252.6735  6.38664936    15
1 08820C 76039A   25202.00000000  .00000000  00000+0  00000+0 0  2029
2 08820 109.8537  65.9079 0044632  13.0878 252.6689  6.38664942    12
1 08820C 76039A   25203.00000000  .00000000  00000+0  00000+0 0  2031
2 08820 109.8535  66.2505 0044631  12.8764  31.8612  6.38664932    21
1 08820C 76039A   25203.00000000  .00000000  00000+0  00000+0 0  2031
2 08820 109.8535  66.2505 0044633  12.8786  31.8589  6.38664950    19
1 08820C 76039A   25203.00000000  .00000000  00000+0  00000+0 0  2031
2 08820 109.8535  66.2505 0044634  12.8807  31.8568  6.38664956    17
1 08820C 76039A   25204.00000000  .00000000  00000+0  00000+0 0  2043
2 08820 109.8533  66.5931 0044632  12.6690 171.0493  6.38664953    18
1 08820C 76039A   25204.00000000  .00000000  00000+0  00000+0 0  2043
2 08820 109.8533  66.5931 0044633  12.6714 171.0468  6.38664968    14
1 08820C 76039A   25204.00000000  .00000000  00000+0  00000+0 0  2043
2 08820 109.8533  66.5931 0044635  12.6700 171.0481  6.38664971    10
1 08820C 76039A   25205.00000000  .00000000  00000+0  00000+0 0  2055
2 08820 109.8531  66.9356 0044636  12.4635 310.2355  6.38664970    15
1 08820C 76039A   25205.00000000  .00000000  00000+0  00000+0 0  2055
2 08820 109.8531  66.9357 0044636  12.4600 310.2391  6.38664977    15
1 08820C 76039A   25205.00000000  .00000000  00000+0  00000+0 0  2055
2 08820 109.8531  66.9357 0044639  12.4593 310.2398  6.38664984    14
1 08820C 76039A   25206.00000000  .00000000  00000+0  00000+0 0  2067
2 08820 109.8529  67.2782 0044637  12.2525  89.4275  6.38664979    11
1 08820C 76039A   25206.00000000  .00000000  00000+0  00000+0 0  2067
2 08820 109.8529  67.2782 0044640  12.2494  89.4306  6.38664990    18
1 08820C 76039A   25206.00000000  .00000000  00000+0  00000+0 0  2067
2 08820 109.8529  67.2782 0044641  12.2472  89.4328  6.38664991    10
