1 08820U 76039A   25060.53642862  .00000003  00000+0  00000+0 0  9993
2 08820 109.8603  17.4289 0044293  42.9988  80.6351  6.38664998882954
1 08820U 76039A   25061.48068208  .00000005  00000+0  00000+0 0  9996
2 08820 109.8604  17.7523 0044297  42.7982  91.6566  6.38664998883013
1 08820U 76039A   25061.48068208  .00000005  00000+0  00000+0 0  9996
2 08820 109.8604  17.7523 0044297  42.7982  91.6566  6.38664998883428
1 08820U 76039A   25062.60054519  .00000006  00000+0  00000+0 0  9992
2 08820 109.8605  18.1360 0044300  42.5575 146.4415  6.38665001883084
1 08820U 76039A   25062.84333293  .00000007  00000+0  00000+0 0  9998
2 08820 109.8605  18.2191 0044301  42.5059 344.6576  6.38665002883109
1 08820U 76039A   25063.36976875  .00000007  00000+0  00000+0 0  9995
2 08820 109.8606  18.3995 0044302  42.3931 115.0364  6.38665005883132
1 08820U 76039A   25063.67434034  .00000006  00000+0  00000+0 0  9994
2 08820 109.8606  18.5038 0044303  42.3276  95.3063  6.38665006883154
1 08820U 76039A   25063.67434034  .00000006  00000+0  00000+0 0  9994
2 08820 109.8606  18.5038 0044303  42.3276  95.3063  6.38665006883569
1 08820U 76039A   25064.80024550  .00000004  00000+0  00000+0 0  9996
2 08820 109.8608  18.8895 0044308  42.0884 163.9803  6.38665015883229
1 08820U 76039A   25066.66306069 -.00000003  00000+0  00000+0 0  9990
2 08820 109.8610  19.5277 0044314  41.6928 126.9530  6.38665030883341
1 08820U 76039A   25066.66306069 -.00000003  00000+0  00000+0 0  9990
2 08820 109.8610  19.5277 0044314  41.6928 126.9530  6.38665030883756
1 08820U 76039A   25067.43855343 -.00000007  00000+0  00000+0 0  9994
2 08820 109.8611  19.7934 0044317  41.5293 109.9598  6.38665038883399
1 08820U 76039A   25069.32254883 -.00000015  00000+0  00000+0 0  9995
2 08820 109.8613  20.4388 0044320  41.1235 121.6357  6.38665056883517
1 08820U 76039A   25069.32254883 -.00000015  00000+0  00000+0 0  9995
2 08820 109.8613  20.4388 0044320  41.1235 121.6357  6.38665056883922
1 08820U 76039A   25069.64006193 -.00000016  00000+0  00000+0 0  9990
2 08820 109.8613  20.5476 0044322  41.0546 131.6612  6.38665056883539
1 08820U 76039A   25070.58397377 -.00000017  00000+0  00000+0 0  9993
2 08820 109.8614  20.8710 0044324  40.8527 141.8989  6.38665068883591
1 08820U 76039A   25070.82544507 -.00000017  00000+0  00000+0 0  9999
2 08820 109.8615  20.9537 0044324  40.8017 337.0879  6.38665071883618
1 08820U 76039A   25071.35587389 -.00000017  00000+0  00000+0 0  9993
2 08820 109.8615  21.1355 0044326  40.6875 116.6480  6.38665076884054
1 08820U 76039A   25071.52531109 -.00000017  00000+0  00000+0 0  9991
2 08820 109.8615  21.1935 0044326  40.6515 146.2170  6.38665077883650
1 08820U 76039A   25072.60481047 -.00000015  00000+0  00000+0 0  9994
2 08820 109.8616  21.5634 0044329  40.4208 108.1965  6.38665084883726
1 08820U 76039A   25073.53159916 -.00000012  00000+0  00000+0 0  9991
2 08820 109.8617  21.8809 0044331  40.2201  79.0672  6.38665091883783
1 08820U 76039A   25073.80240358 -.00000011  00000+0  00000+0 0  9991
2 08820 109.8617  21.9737 0044331  40.1621 341.6996  6.38665093883801
1 08820U 76039A   25074.63770223 -.00000008  00000+0  00000+0 0  9998
2 08820 109.8617  22.2599 0044337  39.9888 102.2087  6.38665093883855
1 08820U 76039A   25074.95107580 -.00000007  00000+0  00000+0 0  9992
2 08820 109.8618  22.3673 0044339  39.9218 102.7158  6.38665098883870
1 08820U 76039A   25075.58329976 -.00000004  00000+0  00000+0 0  9994
2 08820 109.8618  22.5839 0044341  39.7877 116.3211  6.38665101884325
1 08820U 76039A   25075.83507219 -.00000003  00000+0  00000+0 0  9999
2 08820 109.8618  22.6702 0044341  39.7336 335.1953  6.38665103883937
1 08820U 76039A   25076.13488456 -.00000002  00000+0  00000+0 0  9993
2 08820 109.8619  22.7729 0044343  39.6710 304.5210  6.38665103883942
1 08820U 76039A   25076.77918779 -.00000001  00000+0  00000+0 0  9998
2 08820 109.8619  22.9937 0044346  39.5347 345.8985  6.38665106883998
1 08820U 76039A   25077.45680958  .00000001  00000+0  00000+0 0  9998
2 08820 109.8620  23.2258 0044349  39.3890 103.8839  6.38665105884039
1 08820U 76039A   25078.55701569  .00000002  00000+0  00000+0 0  9993
2 08820 109.8621  23.6028 0044352  39.1553 113.4710  6.38665104884109
1 08820U 76039A   25078.55701569  .00000002  00000+0  00000+0 0  9993
2 08820 109.8621  23.6028 0044352  39.1553 113.4710  6.38665104884514
1 08820U 76039A   25079.50867947  .00000002  00000+0  00000+0 0  9992
2 08820 109.8622  23.9289 0044357  38.9556 141.5280  6.38665104884167
