1 08820U 76039A   25032.67249212  .00000014  00000+0  00000+0 0  9991
2 08820 109.8568   7.8861 0044195  48.9524  96.0199  6.38664911881175
1 08820U 76039A   25033.22615126  .00000015  00000+0  00000+0 0  9995
2 08820 109.8569   8.0757 0044196  48.8325 288.9916  6.38664911881610
1 08820U 76039A   25033.62645723  .00000015  00000+0  00000+0 0  9995
2 08820 109.8570   8.2128 0044192  48.7408 129.3792  6.38664910881230
1 08820U 76039A   25033.92984249  .00000016  00000+0  00000+0 0  9998
2 08820 109.8571   8.3167 0044194  48.6756 106.9212  6.38664911881253
1 08820U 76039A   25034.56109381  .00000016  00000+0  00000+0 0  9995
2 08820 109.8571   8.5328 0044200  48.5455 118.2861  6.38664914881290
1 08820U 76039A   25034.87684963  .00000016  00000+0  00000+0 0  9993
2 08820 109.8571   8.6409 0044200  48.4775 124.2707  6.38664916881316
1 08820U 76039A   25035.51012595  .00000016  00000+0  00000+0 0  9991
2 08820 109.8572   8.8578 0044204  48.3434 140.2950  6.38664919881356
1 08820U 76039A   25035.51012595  .00000016  00000+0  00000+0 0  9991
2 08820 109.8572   8.8578 0044204  48.3434 140.2950  6.38664919881761
1 08820U 76039A   25035.98102618  .00000016  00000+0  00000+0 0  9998
2 08820 109.8573   9.0190 0044203  48.2383 142.9907  6.38664921881388
1 08820U 76039A   25036.90919019  .00000013  00000+0  00000+0 0  9999
2 08820 109.8574   9.3368 0044206  48.0417 117.0186  6.38664929881445
1 08820U 76039A   25037.37810818  .00000012  00000+0  00000+0 0  9997
2 08820 109.8574   9.4974 0044205  47.9402 115.1537  6.38664935881479
1 08820U 76039A   25038.48061560  .00000007  00000+0  00000+0 0  9996
2 08820 109.8576   9.8749 0044210  47.7078 130.0297  6.38664948881954
1 08820U 76039A   25038.94586839  .00000005  00000+0  00000+0 0  9996
2 08820 109.8576  10.0343 0044220  47.6182 119.7265  6.38664948881571
1 08820U 76039A   25039.57188980  .00000001  00000+0  00000+0 0  9997
2 08820 109.8578  10.2486 0044222  47.4861 119.0698  6.38664953881611
1 08820U 76039A   25039.90308550  .00000000  00000+0  00000+0 0  9990
2 08820 109.8578  10.3620 0044224  47.4142 160.5543  6.38664956881631
1 08820U 76039A   25040.28221480 -.00000002  00000+0  00000+0 0  9992
2 08820 109.8578  10.4919 0044224  47.3342 312.2453  6.38664960881657
1 08820U 76039A   25040.67236868 -.00000004  00000+0  00000+0 0  9993
2 08820 109.8579  10.6255 0044226  47.2490 129.2869  6.38664965881683
1 08820U 76039A   25040.67236868 -.00000004  00000+0  00000+0 0  9993
2 08820 109.8579  10.6255 0044226  47.2490 129.2869  6.38664965882099
1 08820U 76039A   25041.60737914 -.00000007  00000+0  00000+0 0  9998
2 08820 109.8580  10.9457 0044230  47.0508 119.0563  6.38664974881740
1 08820U 76039A   25042.55218774 -.00000008  00000+0  00000+0 0  9992
2 08820 109.8582  11.2692 0044237  46.8534 131.3506  6.38664978881805
1 08820U 76039A   25043.03023038 -.00000008  00000+0  00000+0 0  9993
2 08820 109.8582  11.4329 0044237  46.7479 150.4671  6.38664984882242
1 08820U 76039A   25043.63788149 -.00000008  00000+0  00000+0 0  9990
2 08820 109.8583  11.6410 0044241  46.6209 107.5724  6.38664987881874
1 08820U 76039A   25044.58290596 -.00000006  00000+0  00000+0 0  9997
2 08820 109.8584  11.9647 0044245  46.4193 120.3673  6.38664995881936
1 08820U 76039A   25044.72695273 -.00000006  00000+0  00000+0 0  9994
2 08820 109.8584  12.0140 0044246  46.3883  91.5591  6.38664996881942
1 08820U 76039A   25045.36421353 -.00000004  00000+0  00000+0 0  9999
2 08820 109.8585  12.2323 0044242  46.2451 116.7529  6.38665005881981
1 08820U 76039A   25045.36421353 -.00000004  00000+0  00000+0 0  9999
2 08820 109.8585  12.2323 0044242  46.2451 116.7529  6.38665005882397
1 08820U 76039A   25045.66834412 -.00000003  00000+0  00000+0 0  9995
2 08820 109.8586  12.3364 0044243  46.1796  96.0088  6.38665006882005
1 08820U 76039A   25046.62337579  .00000001  00000+0  00000+0 0  9991
2 08820 109.8586  12.6635 0044246  45.9755 131.8126  6.38665012882068
1 08820U 76039A   25047.55787769  .00000004  00000+0  00000+0 0  9997
2 08820 109.8587  12.9835 0044249  45.7752 120.4152  6.38665017882127
1 08820U 76039A   25047.70179618  .00000005  00000+0  00000+0 0  9993
2 08820 109.8587  13.0328 0044249  45.7442  91.3120  6.38665018882135
1 08820U 76039A   25047.70179618  .00000005  00000+0  00000+0 0  9993
2 08820 109.8587  13.0328 0044249  45.7442  91.3120  6.38665018882540
1 08820U 76039A   25048.50911881  .00000007  00000+0  00000+0 0  9990
2 08820 109.8589  13.3093 0044252  45.5726 147.5031  6.38665022882181
1 08820U 76039A   25048.66175983  .00000007  00000+0  00000+0 0  9992
2 08820 109.8589  13.3616 0044253  45.5403 138.4543  6.38665022882193
1 08820U 76039A   25049.19764972  .00000008  00000+0  00000+0 0  9994
2 08820 109.8590  13.5451 0044255  45.4261 290.5692  6.38665023882227
1 08820U 76039A   25050.15358558  .00000010  00000+0  00000+0 0  9994
2 08820 109.8591  13.8725 0044259  45.2225 328.4512  6.38665024882297
1 08820U 76039A   25050.15358558  .00000010  00000+0  00000+0 0  9994
2 08820 109.8591  13.8725 0044259  45.2225 328.4512  6.38665024882703
1 08820U 76039A   25050.66793814  .00000010  00000+0  00000+0 0  9998
2 08820 109.8592  14.0487 0044261  45.1125  71.0481  6.38665025882328
1 08820U 76039A   25051.60724078  .00000010  00000+0  00000+0 0  9999
2 08820 109.8593  14.3704 0044265  44.9121  70.6875  6.38665025882389
1 08820U 76039A   25051.93423867  .00000009  00000+0  00000+0 0  9995
2 08820 109.8593  14.4824 0044267  44.8426 102.5190  6.38665026882401
