1 08820U 76039A   25121.72306199 -.00000005  00000+0  00000+0 0  9995
2 08820 109.8634  38.3966 0044490  30.0186   0.5506  6.38665130886865
1 08820U 76039A   25121.72306199 -.00000005  00000+0  00000+0 0  9995
2 08820 109.8634  38.3966 0044490  30.0186   0.5506  6.38665130887271
1 08820U 76039A   25122.55332639 -.00000009  00000+0  00000+0 0  9999
2 08820 109.8634  38.6812 0044493  29.8443 109.4874  6.38665132886918
1 08820U 76039A   25122.68323252 -.00000009  00000+0  00000+0 0  9994
2 08820 109.8633  38.7257 0044492  29.8234  48.1602  6.38665132886927
1 08820U 76039A   25123.50977218 -.00000013  00000+0  00000+0 0  9998
2 08820 109.8634  39.0090 0044495  29.6492 148.5337  6.38665136886973
1 08820U 76039A   25123.75190271 -.00000014  00000+0  00000+0 0  9992
2 08820 109.8634  39.0920 0044497  29.5991 345.2374  6.38665136886999
1 08820U 76039A   25123.75190271 -.00000014  00000+0  00000+0 0  9992
2 08820 109.8634  39.0920 0044497  29.5991 345.2374  6.38665136887406
1 08820U 76039A   25124.44231032 -.00000017  00000+0  00000+0 0  9993
2 08820 109.8633  39.3286 0044500  29.4573 132.6137  6.38665140887032
1 08820U 76039A   25124.69562325 -.00000018  00000+0  00000+0 0  9993
2 08820 109.8633  39.4155 0044500  29.4047 355.0281  6.38665142887059
1 08820U 76039A   25125.54281403 -.00000021  00000+0  00000+0 0  9997
2 08820 109.8633  39.7059 0044500  29.2272 142.8815  6.38665146887108
1 08820U 76039A   25127.42458760 -.00000022  00000+0  00000+0 0  9999
2 08820 109.8631  40.3510 0044502  28.8278 149.4439  6.38665161887224
1 08820U 76039A   25127.42458760 -.00000022  00000+0  00000+0 0  9999
2 08820 109.8631  40.3510 0044502  28.8278 149.4439  6.38665161887639
1 08820U 76039A   25128.51389157 -.00000020  00000+0  00000+0 0  9991
2 08820 109.8630  40.7243 0044503  28.5935 133.9679  6.38665164887292
1 08820U 76039A   25129.06169206 -.00000018  00000+0  00000+0 0  9990
2 08820 109.8629  40.9121 0044505  28.4787 313.4660  6.38665165887323
1 08820U 76039A   25129.43957491 -.00000017  00000+0  00000+0 0  9991
2 08820 109.8629  41.0416 0044506  28.3990 102.2915  6.38665165887763
1 08820U 76039A   25129.60054161 -.00000016  00000+0  00000+0 0  9991
2 08820 109.8629  41.0968 0044506  28.3647 112.3852  6.38665166887363
1 08820U 76039A   25130.37868608 -.00000012  00000+0  00000+0 0  9992
2 08820 109.8628  41.3635 0044507  28.2004 101.4894  6.38665167887415
1 08820U 76039A   25131.49962225 -.00000007  00000+0  00000+0 0  9990
2 08820 109.8628  41.7477 0044512  27.9697 158.7318  6.38665166887485
1 08820U 76039A   25131.49962225 -.00000007  00000+0  00000+0 0  9990
2 08820 109.8628  41.7477 0044512  27.9697 158.7318  6.38665166887890
1 08820U 76039A   25131.73782465 -.00000006  00000+0  00000+0 0  9992
2 08820 109.8627  41.8293 0044512  27.9194 346.4050  6.38665166887505
1 08820U 76039A   25132.41066573 -.00000003  00000+0  00000+0 0  9990
2 08820 109.8627  42.0600 0044514  27.7769  93.3968  6.38665165887547
1 08820U 76039A   25133.51694716  .00000000  00000+0  00000+0 0  9994
2 08820 109.8626  42.4392 0044515  27.5400 116.9545  6.38665161887616
1 08820U 76039A   25133.51694716  .00000000  00000+0  00000+0 0  9994
2 08820 109.8626  42.4392 0044515  27.5400 116.9545  6.38665161888022
1 08820U 76039A   25134.61042289  .00000002  00000+0  00000+0 0  9990
2 08820 109.8626  42.8139 0044518  27.3082 111.0669  6.38665158887682
1 08820U 76039A   25134.71455468  .00000002  00000+0  00000+0 0  9998
2 08820 109.8626  42.8496 0044518  27.2857 350.4865  6.38665158887695
1 08820U 76039A   25135.38851162  .00000003  00000+0  00000+0 0  9994
2 08820 109.8625  43.0806 0044519  27.1421 100.0447  6.38665154887735
1 08820U 76039A   25137.04665315  .00000002  00000+0  00000+0 0  9991
2 08820 109.8624  43.6490 0044522  26.7904 312.4332  6.38665143888241
1 08820U 76039A   25137.58374139  .00000001  00000+0  00000+0 0  9990
2 08820 109.8624  43.8331 0044524  26.6767 107.3029  6.38665139887872
1 08820U 76039A   25137.69117838  .00000001  00000+0  00000+0 0  9993
2 08820 109.8624  43.8699 0044524  26.6537 354.3216  6.38665139887887
1 08820U 76039A   25138.52748042 -.00000001  00000+0  00000+0 0  9994
2 08820 109.8623  44.1565 0044526  26.4780 117.1403  6.38665135887937
1 08820U 76039A   25139.08488720 -.00000002  00000+0  00000+0 0  9991
2 08820 109.8623  44.3476 0044527  26.3615 318.7247  6.38665131888377
1 08820U 76039A   25139.46466801 -.00000003  00000+0  00000+0 0  9990
2 08820 109.8622  44.4778 0044528  26.2820 111.9133  6.38665128887990
1 08820U 76039A   25140.41832964 -.00000005  00000+0  00000+0 0  9996
2 08820 109.8621  44.8046 0044529  26.0776 144.5682  6.38665120888051
1 08820U 76039A   25140.72657152 -.00000005  00000+0  00000+0 0  9994
2 08820 109.8621  44.9103 0044530  26.0150 133.2733  6.38665120888078
