1 08820U 76039A   25001.13974220  .00000019  00000+0  00000+0 0  9997
2 08820 109.8523 357.0926 0044138  55.8219 315.9656  6.38664822879161
1 08820U 76039A   25002.45726355  .00000019  00000+0  00000+0 0  9997
2 08820 109.8531 357.5433 0044100  55.5246 105.2193  6.38664863879244
1 08820U 76039A   25007.23315350  .00000025  00000+0  00000+0 0  9994
2 08820 109.8536 359.1775 0044183  54.4700 285.9521  6.38664861879542
1 08820U 76039A   25007.23315350  .00000025  00000+0  00000+0 0  9994
2 08820 109.8536 359.1775 0044183  54.4700 285.9521  6.38664861879957
1 08820U 76039A   25008.55898025  .00000023  00000+0  00000+0 0  9993
2 08820 109.8539 359.6312 0044151  54.1770  94.2950  6.38664851879632
1 08820U 76039A   25009.26847366  .00000021  00000+0  00000+0 0  9992
2 08820 109.8542 359.8740 0044129  54.0129 285.5709  6.38664861879677
1 08820U 76039A   25009.26847366  .00000021  00000+0  00000+0 0  9992
2 08820 109.8542 359.8740 0044129  54.0129 285.5709  6.38664861880084
1 08820U 76039A   25010.21265267  .00000017  00000+0  00000+0 0  9998
2 08820 109.8543   0.1972 0044131  53.8075 296.4256  6.38664867879732
1 08820U 76039A   25011.53576156  .00000010  00000+0  00000+0 0  9999
2 08820 109.8544   0.6501 0044135  53.5230  98.5118  6.38664880879823
1 08820U 76039A   25011.69750949  .00000010  00000+0  00000+0 0  9990
2 08820 109.8544   0.7054 0044136  53.4881 110.4022  6.38664880879838
1 08820U 76039A   25011.69750949  .00000010  00000+0  00000+0 0  9990
2 08820 109.8544   0.7054 0044136  53.4881 110.4022  6.38664880880245
1 08820U 76039A   25012.25767509  .00000007  00000+0  00000+0 0  9999
2 08820 109.8545   0.8972 0044137  53.3679 318.3323  6.38664885879876
1 08820U 76039A   25013.56426597  .00000003  00000+0  00000+0 0  9999
2 08820 109.8546   1.3444 0044141  53.0860  82.4413  6.38664898879953
1 08820U 76039A   25013.73747127  .00000002  00000+0  00000+0 0  9992
2 08820 109.8546   1.4037 0044142  53.0484 120.6745  6.38664899879960
1 08820U 76039A   25013.73747127  .00000002  00000+0  00000+0 0  9992
2 08820 109.8546   1.4037 0044142  53.0484 120.6745  6.38664899880377
1 08820U 76039A   25014.92293094  .00000001  00000+0  00000+0 0  9992
2 08820 109.8547   1.8095 0044144  52.7896 326.2822  6.38664911880040
1 08820U 76039A   25015.22024161  .00000001  00000+0  00000+0 0  9993
2 08820 109.8548   1.9113 0044142  52.7210 289.8623  6.38664912880056
1 08820U 76039A   25016.54422083  .00000004  00000+0  00000+0 0  9997
2 08820 109.8549   2.3645 0044145  52.4343  93.9517  6.38664924880148
1 08820U 76039A   25016.70032670  .00000004  00000+0  00000+0 0  9994
2 08820 109.8549   2.4180 0044146  52.4005  92.8700  6.38664925880153
1 08820U 76039A   25016.70032670  .00000004  00000+0  00000+0 0  9994
2 08820 109.8549   2.4180 0044146  52.4005  92.8700  6.38664925880568
1 08820U 76039A   25017.25554382  .00000006  00000+0  00000+0 0  9996
2 08820 109.8549   2.6080 0044148  52.2812 289.4227  6.38664928880184
1 08820U 76039A   25017.89962959  .00000008  00000+0  00000+0 0  9991
2 08820 109.8550   2.8285 0044150  52.1425 330.3022  6.38664932880237
1 08820U 76039A   25018.57484236  .00000010  00000+0  00000+0 0  9997
2 08820 109.8551   3.0597 0044152  51.9963  82.7496  6.38664937880275
1 08820U 76039A   25018.74612110  .00000011  00000+0  00000+0 0  9991
2 08820 109.8551   3.1183 0044153  51.9592 116.5532  6.38664937880284
1 08820U 76039A   25018.74612110  .00000011  00000+0  00000+0 0  9991
2 08820 109.8551   3.1183 0044153  51.9592 116.5532  6.38664937880699
1 08820U 76039A   25019.14340237  .00000012  00000+0  00000+0 0  9995
2 08820 109.8551   3.2543 0044154  51.8740 309.9805  6.38664939880317
1 08820U 76039A   25019.93229178  .00000015  00000+0  00000+0 0  9995
2 08820 109.8552   3.5244 0044154  51.7022 323.7939  6.38664943880363
1 08820U 76039A   25020.61570000  .00000017  00000+0  00000+0 0  9997
2 08820 109.8553   3.7583 0044157  51.5548  95.0837  6.38664945880409
1 08820U 76039A   25020.87602050  .00000017  00000+0  00000+0 0  9996
2 08820 109.8554   3.8474 0044156  51.4986 333.6118  6.38664946880420
1 08820U 76039A   25020.87602050  .00000017  00000+0  00000+0 0  9996
2 08820 109.8554   3.8474 0044156  51.4986 333.6118  6.38664946880835
1 08820U 76039A   25021.55384080  .00000018  00000+0  00000+0 0  9993
2 08820 109.8554   4.0795 0044160  51.3531  92.0531  6.38664948880460
1 08820U 76039A   25021.71178479  .00000018  00000+0  00000+0 0  9994
2 08820 109.8555   4.1335 0044159  51.3187  95.1978  6.38664947880476
1 08820U 76039A   25022.27605552  .00000019  00000+0  00000+0 0  9994
2 08820 109.8555   4.3267 0044161  51.1968 312.5672  6.38664948880513
1 08820U 76039A   25024.16945706  .00000018  00000+0  00000+0 0  9991
2 08820 109.8558   4.9749 0044165  50.7849 345.8729  6.38664946881043
1 08820U 76039A   25024.53096238  .00000017  00000+0  00000+0 0  9998
2 08820 109.8558   5.0987 0044166  50.7065  97.0452  6.38664945880654
1 08820U 76039A   25025.63205683  .00000016  00000+0  00000+0 0  9995
2 08820 109.8560   5.4756 0044169  50.4671 108.6796  6.38664941880722
1 08820U 76039A   25025.77835414  .00000015  00000+0  00000+0 0  9990
2 08820 109.8560   5.5257 0044169  50.4350  85.0464  6.38664940880733
1 08820U 76039A   25026.18381508  .00000015  00000+0  00000+0 0  9996
2 08820 109.8560   5.6646 0044174  50.3505 297.2778  6.38664937880756
1 08820U 76039A   25026.18381508  .00000015  00000+0  00000+0 0  9996
2 08820 109.8560   5.6646 0044174  50.3505 297.2778  6.38664937881162
1 08820U 76039A   25027.27666128  .00000013  00000+0  00000+0 0  9999
2 08820 109.8562   6.0387 0044188  50.1253 289.9353  6.38664929880824
1 08820U 76039A   25027.81385116  .00000012  00000+0  00000+0 0  9993
2 08820 109.8562   6.2226 0044188  50.0080  85.0419  6.38664926880864
1 08820U 76039A   25028.86213708  .00000011  00000+0  00000+0 0  9995
2 08820 109.8564   6.5815 0044182  49.7720 335.2672  6.38664923880939
1 08820U 76039A   25028.86213708  .00000011  00000+0  00000+0 0  9995
2 08820 109.8564   6.5815 0044182  49.7720 335.2672  6.38664923881345
1 08820U 76039A   25029.39205480  .00000011  00000+0  00000+0 0  9992
2 08820 109.8564   6.7630 0044185  49.6577 113.6521  6.38664921880960
1 08820U 76039A   25029.87039661  .00000011  00000+0  00000+0 0  9991
2 08820 109.8565   6.9267 0044190  49.5591 133.4492  6.38664917880995
1 08820U 76039A   25030.64013934  .00000011  00000+0  00000+0 0  9993
2 08820 109.8566   7.1903 0044203  49.4025 103.2295  6.38664909881046
1 08820U 76039A   25031.20411377  .00000012  00000+0  00000+0 0  9990
2 08820 109.8567   7.3833 0044203  49.2796 319.9188  6.38664909881085
1 08820U 76039A   25031.20411377  .00000012  00000+0  00000+0 0  9990
2 08820 109.8567   7.3833 0044203  49.2796 319.9188  6.38664909881490
