1 08820U 76039A   25152.47818912 -.00000012  00000+0  00000+0 0  9990
2 08820 109.8609  48.9381 0044559  23.5480 152.4919  6.38665120888827
1 08820U 76039A   25152.47818912 -.00000012  00000+0  00000+0 0  9990
2 08820 109.8609  48.9381 0044559  23.5480 152.4919  6.38665120889233
1 08820U 76039A   25154.49808501 -.00000016  00000+0  00000+0 0  9991
2 08820 109.8607  49.6303 0044563  23.1210 116.6222  6.38665128888950
1 08820U 76039A   25154.49808501 -.00000016  00000+0  00000+0 0  9991
2 08820 109.8607  49.6303 0044563  23.1210 116.6222  6.38665128889366
1 08820U 76039A   25155.44198780 -.00000016  00000+0  00000+0 0  9998
2 08820 109.8606  49.9539 0044565  22.9214 126.8369  6.38665131889013
1 08820U 76039A   25156.53759819 -.00000013  00000+0  00000+0 0  9992
2 08820 109.8604  50.3293 0044568  22.6865 125.8598  6.38665133889088
1 08820U 76039A   25156.69967367 -.00000013  00000+0  00000+0 0  9998
2 08820 109.8604  50.3849 0044568  22.6522 138.5027  6.38665133889500
1 08820U 76039A   25156.93730082 -.00000012  00000+0  00000+0 0  9996
2 08820 109.8604  50.4663 0044568  22.6017 324.8536  6.38665133889105
1 08820U 76039A   25157.47570483 -.00000009  00000+0  00000+0 0  9999
2 08820 109.8603  50.6509 0044569  22.4881 122.7481  6.38665133889141
1 08820U 76039A   25157.80555644 -.00000008  00000+0  00000+0 0  9997
2 08820 109.8603  50.7639 0044570  22.4189 161.1400  6.38665134889160
1 08820U 76039A   25158.56886536 -.00000004  00000+0  00000+0 0  9994
2 08820 109.8602  51.0255 0044571  22.2580 116.1340  6.38665132889218
1 08820U 76039A   25158.67255502 -.00000004  00000+0  00000+0 0  9999
2 08820 109.8602  51.0610 0044571  22.2360 354.5366  6.38665132889226
1 08820U 76039A   25159.20312631 -.00000001  00000+0  00000+0 0  9993
2 08820 109.8601  51.2429 0044572  22.1242 134.4220  6.38665131889250
1 08820U 76039A   25159.20312631 -.00000001  00000+0  00000+0 0  9993
2 08820 109.8601  51.2429 0044572  22.1242 134.4220  6.38665131889665
1 08820U 76039A   25160.46734672  .00000005  00000+0  00000+0 0  9999
2 08820 109.8599  51.6761 0044574  21.8568 161.1088  6.38665125889339
1 08820U 76039A   25160.86052300  .00000006  00000+0  00000+0 0  9995
2 08820 109.8599  51.8109 0044574  21.7728 345.0977  6.38665124889366
1 08820U 76039A   25161.54261714  .00000009  00000+0  00000+0 0  9995
2 08820 109.8598  52.0447 0044575  21.6296 113.3628  6.38665120889403
1 08820U 76039A   25161.54261714  .00000009  00000+0  00000+0 0  9995
2 08820 109.8598  52.0447 0044575  21.6296 113.3628  6.38665120889818
1 08820U 76039A   25162.49640831  .00000011  00000+0  00000+0 0  9994
2 08820 109.8597  52.3715 0044578  21.4300 146.3105  6.38665114889465
1 08820U 76039A   25162.81543178  .00000011  00000+0  00000+0 0  9996
2 08820 109.8597  52.4809 0044578  21.3625 159.8071  6.38665112889480
1 08820U 76039A   25163.68162330  .00000012  00000+0  00000+0 0  9990
2 08820 109.8596  52.7777 0044579  21.1785 351.3493  6.38665106889549
1 08820U 76039A   25163.68162330  .00000012  00000+0  00000+0 0  9990
2 08820 109.8596  52.7777 0044579  21.1785 351.3493  6.38665106889954
1 08820U 76039A   25164.62602009  .00000011  00000+0  00000+0 0  9996
2 08820 109.8595  53.1014 0044581  20.9783   2.7002  6.38665098889605
1 08820U 76039A   25164.93551900  .00000011  00000+0  00000+0 0  9993
2 08820 109.8594  53.2074 0044580  20.9129 354.2978  6.38665095889620
1 08820U 76039A   25165.47341170  .00000010  00000+0  00000+0 0  9998
2 08820 109.8594  53.3918 0044581  20.7993 151.0167  6.38665090889657
1 08820U 76039A   25165.77987789  .00000009  00000+0  00000+0 0  9991
2 08820 109.8593  53.4968 0044581  20.7346 135.6415  6.38665088889677
1 08820U 76039A   25165.77987789  .00000009  00000+0  00000+0 0  9991
2 08820 109.8593  53.4968 0044581  20.7346 135.6415  6.38665088890084
1 08820U 76039A   25166.65865611  .00000007  00000+0  00000+0 0  9996
2 08820 109.8592  53.7979 0044582  20.5488 356.1221  6.38665080889731
1 08820U 76039A   25167.18924248  .00000006  00000+0  00000+0 0  9996
2 08820 109.8591  53.9798 0044583  20.4381 136.0410  6.38665075889765
1 08820U 76039A   25167.81597912  .00000005  00000+0  00000+0 0  9999
2 08820 109.8590  54.1946 0044585  20.3063 137.0287  6.38665070890210
1 08820U 76039A   25167.91195623  .00000005  00000+0  00000+0 0  9993
2 08820 109.8590  54.2274 0044584  20.2853 357.6993  6.38665069889816
1 08820U 76039A   25168.13442368  .00000004  00000+0  00000+0 0  9998
2 08820 109.8590  54.3037 0044585  20.2391 149.1939  6.38665068889826
1 08820U 76039A   25169.36490624  .00000002  00000+0  00000+0 0  9990
2 08820 109.8588  54.7254 0044587  19.9797  98.3098  6.38665057889903
1 08820U 76039A   25169.69180105  .00000002  00000+0  00000+0 0  9996
2 08820 109.8587  54.8374 0044587  19.9110 129.9036  6.38665055889928
1 08820U 76039A   25170.32829547  .00000002  00000+0  00000+0 0  9998
2 08820 109.8587  55.0555 0044588  19.7772 153.3262  6.38665051889967
1 08820U 76039A   25170.32829547  .00000002  00000+0  00000+0 0  9998
2 08820 109.8587  55.0555 0044588  19.7772 153.3262  6.38665051890374
1 08820U 76039A   25170.88122332  .00000002  00000+0  00000+0 0  9997
2 08820 109.8586  55.2450 0044589  19.6605 344.6137  6.38665048890006
1 08820U 76039A   25171.57134804  .00000004  00000+0  00000+0 0  9993
2 08820 109.8585  55.4815 0044590  19.5149 131.3432  6.38665044890045
1 08820U 76039A   25171.73040797  .00000004  00000+0  00000+0 0  9998
2 08820 109.8584  55.5360 0044591  19.4817 137.0522  6.38665043890055
