1 08820U 76039A   25091.55722206  .00000000  00000+0  00000+0 0  9997
2 08820 109.8632  28.0577 0044393  36.3949 123.4646  6.38665087884932
1 08820U 76039A   25091.55722206  .00000000  00000+0  00000+0 0  9997
2 08820 109.8632  28.0577 0044393  36.3949 123.4646  6.38665087885348
1 08820U 76039A   25092.63363196 -.00000002  00000+0  00000+0 0  9999
2 08820 109.8632  28.4266 0044396  36.1643  78.3416  6.38665095885004
1 08820U 76039A   25093.60143442 -.00000004  00000+0  00000+0 0  9999
2 08820 109.8633  28.7583 0044398  35.9552 143.5107  6.38665102885065
1 08820U 76039A   25093.60143442 -.00000004  00000+0  00000+0 0  9999
2 08820 109.8633  28.7583 0044398  35.9552 143.5107  6.38665102885470
1 08820U 76039A   25094.53230604 -.00000008  00000+0  00000+0 0  9993
2 08820 109.8632  29.0773 0044403  35.7640 123.7584  6.38665105885121
1 08820U 76039A   25095.61970373 -.00000014  00000+0  00000+0 0  9994
2 08820 109.8632  29.4500 0044405  35.5310 103.8985  6.38665113885197
1 08820U 76039A   25095.61970373 -.00000014  00000+0  00000+0 0  9994
2 08820 109.8632  29.4500 0044405  35.5310 103.8985  6.38665113885603
1 08820U 76039A   25096.02530830 -.00000015  00000+0  00000+0 0  9991
2 08820 109.8633  29.5890 0044408  35.4479 316.4591  6.38665116885210
1 08820U 76039A   25098.06989778 -.00000022  00000+0  00000+0 0  9994
2 08820 109.8634  30.2897 0044418  35.0219 337.3584  6.38665129885764
1 08820U 76039A   25098.29059633 -.00000023  00000+0  00000+0 0  9998
2 08820 109.8634  30.3654 0044418  34.9729 124.7892  6.38665131885369
1 08820U 76039A   25099.53809645 -.00000023  00000+0  00000+0 0  9992
2 08820 109.8634  30.7929 0044422  34.7120 113.0298  6.38665138885443
1 08820U 76039A   25100.10312891 -.00000022  00000+0  00000+0 0  9999
2 08820 109.8634  30.9865 0044423  34.5936 332.1475  6.38665142885893
1 08820U 76039A   25100.46654547 -.00000021  00000+0  00000+0 0  9994
2 08820 109.8634  31.1111 0044424  34.5163  87.7127  6.38665144885500
1 08820U 76039A   25101.58423743 -.00000017  00000+0  00000+0 0  9995
2 08820 109.8634  31.4942 0044428  34.2760 137.5062  6.38665150885575
1 08820U 76039A   25102.51524273 -.00000013  00000+0  00000+0 0  9995
2 08820 109.8634  31.8133 0044431  34.0802 118.0661  6.38665153885639
1 08820U 76039A   25102.51524273 -.00000013  00000+0  00000+0 0  9995
2 08820 109.8634  31.8133 0044431  34.0802 118.0661  6.38665153886045
1 08820U 76039A   25102.77015675 -.00000012  00000+0  00000+0 0  9993
2 08820 109.8634  31.9006 0044430  34.0216 344.1673  6.38665153885654
1 08820U 76039A   25103.46884493 -.00000009  00000+0  00000+0 0  9998
2 08820 109.8634  32.1401 0044432  33.8716 150.5886  6.38665155885691
1 08820U 76039A   25104.56031942 -.00000005  00000+0  00000+0 0  9999
2 08820 109.8634  32.5142 0044436  33.6429 140.0972  6.38665157885760
1 08820U 76039A   25104.56031942 -.00000005  00000+0  00000+0 0  9999
2 08820 109.8634  32.5142 0044436  33.6429 140.0972  6.38665157886176
1 08820U 76039A   25105.47638979 -.00000003  00000+0  00000+0 0  9991
2 08820 109.8634  32.8282 0044439  33.4492  86.3198  6.38665157885828
1 08820U 76039A   25105.80518394 -.00000002  00000+0  00000+0 0  9995
2 08820 109.8634  32.9408 0044441  33.3852 122.2754  6.38665157885841
1 08820U 76039A   25106.41963350 -.00000001  00000+0  00000+0 0  9998
2 08820 109.8634  33.1514 0044443  33.2571  95.0118  6.38665156885885
1 08820U 76039A   25107.20846767  .00000000  00000+0  00000+0 0  9996
2 08820 109.8635  33.4218 0044445  33.0907 108.6934  6.38665155886341
1 08820U 76039A   25107.48974318  .00000000  00000+0  00000+0 0  9990
2 08820 109.8635  33.5182 0044446  33.0323  35.3991  6.38665153885958
1 08820U 76039A   25107.77948733  .00000000  00000+0  00000+0 0  9994
2 08820 109.8635  33.6175 0044446  32.9707 341.5771  6.38665153885975
1 08820U 76039A   25109.56285262 -.00000002  00000+0  00000+0 0  9997
2 08820 109.8635  34.2288 0044452  32.5900 121.8817  6.38665144886493
